#c:s:b - channel:SpatialStreamsNum:beamforming
*band 1 us
#        4-chain   3-chain   2-chain   1-chain
#c:s:b| 80 40 20| 80 40 20| 80 40 20| 80 40 20
#----------------------------------------------
36:1:0  17 18 22  14 16 18  14 16 18  14 16 18
36:2:0  17 18 22  14 16 18  14 16 18  -1 -1 -1
36:3:0  17 18 22  14 16 18  -1 -1 -1  -1 -1 -1
36:4:0  17 18 22  -1 -1 -1  -1 -1 -1  -1 -1 -1
36:1:1  17 18 22  14 16 18  14 16 18  14 16 18
36:2:1  17 18 22  14 16 18  14 16 18  -1 -1 -1
36:3:1  17 18 22  14 16 18  -1 -1 -1  -1 -1 -1
36:4:1  17 18 22  -1 -1 -1  -1 -1 -1  -1 -1 -1
40:1:0  17 18 24  14 16 19  14 16 19  14 16 19
40:2:0  17 18 24  14 16 19  14 16 19  -1 -1 -1
40:3:0  17 18 24  14 16 19  -1 -1 -1  -1 -1 -1
40:4:0  17 18 24  -1 -1 -1  -1 -1 -1  -1 -1 -1
40:1:1  17 18 24  14 16 19  14 16 19  14 16 19
40:2:1  17 18 24  14 16 19  14 16 19  -1 -1 -1
40:3:1  17 18 24  14 16 19  -1 -1 -1  -1 -1 -1
40:4:1  17 18 24  -1 -1 -1  -1 -1 -1  -1 -1 -1
44:1:0  17 24 24  14 19 19  14 19 19  14 19 19
44:2:0  17 24 24  14 19 19  14 19 19  -1 -1 -1
44:3:0  17 24 24  14 19 19  -1 -1 -1  -1 -1 -1
44:4:0  17 24 24  -1 -1 -1  -1 -1 -1  -1 -1 -1
44:1:1  17 23 24  14 19 19  14 19 19  14 19 19
44:2:1  17 23 24  14 19 19  14 19 19  -1 -1 -1
44:3:1  17 23 24  14 19 19  -1 -1 -1  -1 -1 -1
44:4:1  17 23 24  -1 -1 -1  -1 -1 -1  -1 -1 -1
48:1:0  17 24 24  14 19 19  14 19 19  14 19 19
48:2:0  17 24 24  14 19 19  14 19 19  -1 -1 -1
48:3:0  17 24 24  14 19 19  -1 -1 -1  -1 -1 -1
48:4:0  17 24 24  -1 -1 -1  -1 -1 -1  -1 -1 -1
48:1:1  17 23 24  14 19 19  14 19 19  14 19 19
48:2:1  17 23 24  14 19 19  14 19 19  -1 -1 -1
48:3:1  17 23 24  14 19 19  -1 -1 -1  -1 -1 -1
48:4:1  17 23 24  -1 -1 -1  -1 -1 -1  -1 -1 -1
*band 2 us
#        4-chain   3-chain   2-chain   1-chain
#c:s:b| 80 40 20| 80 40 20| 80 40 20| 80 40 20
#----------------------------------------------
52:1:0  17 18 20  14 19 19  14 19 19  14 19 19
52:2:0  17 18 20  14 19 19  14 19 19  -1 -1 -1
52:3:0  17 18 20  14 19 19  -1 -1 -1  -1 -1 -1
52:4:0  17 18 20  -1 -1 -1  -1 -1 -1  -1 -1 -1
52:1:1  17 19 20  14 19 19  14 19 19  14 19 19
52:2:1  17 19 20  14 19 19  14 19 19  -1 -1 -1
52:3:1  17 19 20  14 19 19  -1 -1 -1  -1 -1 -1
52:4:1  17 19 20  -1 -1 -1  -1 -1 -1  -1 -1 -1
56:1:0  17 18 20  14 19 19  14 19 19  14 19 19
56:2:0  17 18 20  14 19 19  14 19 19  -1 -1 -1
56:3:0  17 18 20  14 19 19  -1 -1 -1  -1 -1 -1
56:4:0  17 18 20  -1 -1 -1  -1 -1 -1  -1 -1 -1
56:1:1  17 19 20  14 19 19  14 19 19  14 19 19
56:2:1  17 19 20  14 19 19  14 19 19  -1 -1 -1
56:3:1  17 19 20  14 19 19  -1 -1 -1  -1 -1 -1
56:4:1  17 19 20  -1 -1 -1  -1 -1 -1  -1 -1 -1
60:1:0  17 17 20  14 16 19  14 16 19  14 16 19
60:2:0  17 17 20  14 16 19  14 16 19  -1 -1 -1
60:3:0  17 17 20  14 16 19  -1 -1 -1  -1 -1 -1
60:4:0  17 17 20  -1 -1 -1  -1 -1 -1  -1 -1 -1
60:1:1  17 19 20  14 16 19  14 16 19  14 16 19
60:2:1  17 19 20  14 16 19  14 16 19  -1 -1 -1
60:3:1  17 19 20  14 16 19  -1 -1 -1  -1 -1 -1
60:4:1  17 19 20  -1 -1 -1  -1 -1 -1  -1 -1 -1
64:1:0  17 17 20  14 16 18  14 16 18  14 16 18
64:2:0  17 17 20  14 16 18  14 16 18  -1 -1 -1
64:3:0  17 17 20  14 16 18  -1 -1 -1  -1 -1 -1
64:4:0  17 17 20  -1 -1 -1  -1 -1 -1  -1 -1 -1
64:1:1  17 19 20  14 16 18  14 16 18  14 16 18
64:2:1  17 19 20  14 16 18  14 16 18  -1 -1 -1
64:3:1  17 19 20  14 16 18  -1 -1 -1  -1 -1 -1
64:4:1  17 19 20  -1 -1 -1  -1 -1 -1  -1 -1 -1
*band 3 us
#        4-chain   3-chain   2-chain   1-chain
#c:s:b| 80 40 20| 80 40 20| 80 40 20| 80 40 20
#----------------------------------------------
100:1:0  16 18 20  19 16 18  19 16 18  19 16 18
100:2:0  16 18 20  19 16 18  19 16 18  -1 -1 -1
100:3:0  16 18 20  19 16 18  -1 -1 -1  -1 -1 -1
100:4:0  16 18 20  -1 -1 -1  -1 -1 -1  -1 -1 -1
100:1:1  17 18 20  19 16 18  19 16 18  19 16 18
100:2:1  17 18 20  19 16 18  19 16 18  -1 -1 -1
100:3:1  17 18 20  19 16 18  -1 -1 -1  -1 -1 -1
100:4:1  17 18 20  -1 -1 -1  -1 -1 -1  -1 -1 -1
104:1:0  16 18 20  19 16 18  19 16 18  19 16 18
104:2:0  16 18 20  19 16 18  19 16 18  -1 -1 -1
104:3:0  16 18 20  19 16 18  -1 -1 -1  -1 -1 -1
104:4:0  16 18 20  -1 -1 -1  -1 -1 -1  -1 -1 -1
104:1:1  17 18 20  19 16 18  19 16 18  19 16 18
104:2:1  17 18 20  19 16 18  19 16 18  -1 -1 -1
104:3:1  17 18 20  19 16 18  -1 -1 -1  -1 -1 -1
104:4:1  17 18 20  -1 -1 -1  -1 -1 -1  -1 -1 -1
108:1:0  16 19 20  19 19 19  19 19 19  19 19 19
108:2:0  16 19 20  19 19 19  19 19 19  -1 -1 -1
108:3:0  16 19 20  19 19 19  -1 -1 -1  -1 -1 -1
108:4:0  16 19 20  -1 -1 -1  -1 -1 -1  -1 -1 -1
108:1:1  17 19 20  19 19 19  19 19 19  19 19 19
108:2:1  17 19 20  19 19 19  19 19 19  -1 -1 -1
108:3:1  17 19 20  19 19 19  -1 -1 -1  -1 -1 -1
108:4:1  17 19 20  -1 -1 -1  -1 -1 -1  -1 -1 -1
112:1:0  16 19 20  19 19 19  19 19 19  19 19 19
112:2:0  16 19 20  19 19 19  19 19 19  -1 -1 -1
112:3:0  16 19 20  19 19 19  -1 -1 -1  -1 -1 -1
112:4:0  16 19 20  -1 -1 -1  -1 -1 -1  -1 -1 -1
112:1:1  17 19 20  19 19 19  19 19 19  19 19 19
112:2:1  17 19 20  19 19 19  19 19 19  -1 -1 -1
112:3:1  17 19 20  19 19 19  -1 -1 -1  -1 -1 -1
112:4:1  17 19 20  -1 -1 -1  -1 -1 -1  -1 -1 -1
116:1:0  17 19 20  19 19 19  19 19 19  19 19 19
116:2:0  17 19 20  19 19 19  19 19 19  -1 -1 -1
116:3:0  17 19 20  19 19 19  -1 -1 -1  -1 -1 -1
116:4:0  17 19 20  -1 -1 -1  -1 -1 -1  -1 -1 -1
116:1:1  17 19 20  19 19 19  19 19 19  19 19 19
116:2:1  17 19 20  19 19 19  19 19 19  -1 -1 -1
116:3:1  17 19 20  19 19 19  -1 -1 -1  -1 -1 -1
116:4:1  17 19 20  -1 -1 -1  -1 -1 -1  -1 -1 -1
120:1:0  17 19 20  19 19 19  19 19 19  19 19 19
120:2:0  17 19 20  19 19 19  19 19 19  -1 -1 -1
120:3:0  17 19 20  19 19 19  -1 -1 -1  -1 -1 -1
120:4:0  17 19 20  -1 -1 -1  -1 -1 -1  -1 -1 -1
120:1:1  17 19 20  19 19 19  19 19 19  19 19 19
120:2:1  17 19 20  19 19 19  19 19 19  -1 -1 -1
120:3:1  17 19 20  19 19 19  -1 -1 -1  -1 -1 -1
120:4:1  17 19 20  -1 -1 -1  -1 -1 -1  -1 -1 -1
124:1:0  17 19 20  19 19 19  19 19 19  19 19 19
124:2:0  17 19 20  19 19 19  19 19 19  -1 -1 -1
124:3:0  17 19 20  19 19 19  -1 -1 -1  -1 -1 -1
124:4:0  17 19 20  -1 -1 -1  -1 -1 -1  -1 -1 -1
124:1:1  17 19 20  19 19 19  19 19 19  19 19 19
124:2:1  17 19 20  19 19 19  19 19 19  -1 -1 -1
124:3:1  17 19 20  19 19 19  -1 -1 -1  -1 -1 -1
124:4:1  17 19 20  -1 -1 -1  -1 -1 -1  -1 -1 -1
128:1:0  17 19 20  19 19 19  19 19 19  19 19 19
128:2:0  17 19 20  19 19 19  19 19 19  -1 -1 -1
128:3:0  17 19 20  19 19 19  -1 -1 -1  -1 -1 -1
128:4:0  17 19 20  -1 -1 -1  -1 -1 -1  -1 -1 -1
128:1:1  17 19 20  19 19 19  19 19 19  19 19 19
128:2:1  17 19 20  19 19 19  19 19 19  -1 -1 -1
128:3:1  17 19 20  19 19 19  -1 -1 -1  -1 -1 -1
128:4:1  17 19 20  -1 -1 -1  -1 -1 -1  -1 -1 -1
132:1:0  17 19 20  19 19 19  19 19 19  19 19 19
132:2:0  17 19 20  19 19 19  19 19 19  -1 -1 -1
132:3:0  17 19 20  19 19 19  -1 -1 -1  -1 -1 -1
132:4:0  17 19 20  -1 -1 -1  -1 -1 -1  -1 -1 -1
132:1:1  17 19 20  19 19 19  19 19 19  19 19 19
132:2:1  17 19 20  19 19 19  19 19 19  -1 -1 -1
132:3:1  17 19 20  19 19 19  -1 -1 -1  -1 -1 -1
132:4:1  17 19 20  -1 -1 -1  -1 -1 -1  -1 -1 -1
136:1:0  17 19 20  19 19 19  19 19 19  19 19 19
136:2:0  17 19 20  19 19 19  19 19 19  -1 -1 -1
136:3:0  17 19 20  19 19 19  -1 -1 -1  -1 -1 -1
136:4:0  17 19 20  -1 -1 -1  -1 -1 -1  -1 -1 -1
136:1:1  17 19 20  19 19 19  19 19 19  19 19 19
136:2:1  17 19 20  19 19 19  19 19 19  -1 -1 -1
136:3:1  17 19 20  19 19 19  -1 -1 -1  -1 -1 -1
136:4:1  17 19 20  -1 -1 -1  -1 -1 -1  -1 -1 -1
140:1:0  17 19 20  19 19 18  19 19 18  19 19 18
140:2:0  17 19 20  19 19 18  19 19 18  -1 -1 -1
140:3:0  17 19 20  19 19 18  -1 -1 -1  -1 -1 -1
140:4:0  17 19 20  -1 -1 -1  -1 -1 -1  -1 -1 -1
140:1:1  17 19 20  19 19 18  19 19 18  19 19 18
140:2:1  17 19 20  19 19 18  19 19 18  -1 -1 -1
140:3:1  17 19 20  19 19 18  -1 -1 -1  -1 -1 -1
140:4:1  17 19 20  -1 -1 -1  -1 -1 -1  -1 -1 -1
144:1:0  17 19 20  19 19 19  19 19 19  19 19 19
144:2:0  17 19 20  19 19 19  19 19 19  -1 -1 -1
144:3:0  17 19 20  19 19 19  -1 -1 -1  -1 -1 -1
144:4:0  17 19 20  -1 -1 -1  -1 -1 -1  -1 -1 -1
144:1:1  17 19 20  19 19 19  19 19 19  19 19 19
144:2:1  17 19 20  19 19 19  19 19 19  -1 -1 -1
144:3:1  17 19 20  19 19 19  -1 -1 -1  -1 -1 -1
144:4:1  17 19 20  -1 -1 -1  -1 -1 -1  -1 -1 -1
*band 4 us
#        4-chain   3-chain   2-chain   1-chain
#c:s:b| 80 40 20| 80 40 20| 80 40 20| 80 40 20
#----------------------------------------------
149:1:0  21 21 22  19 19 19  19 19 19  19 19 19
149:2:0  21 21 22  19 19 19  19 19 19  -1 -1 -1
149:3:0  21 21 22  19 19 19  -1 -1 -1  -1 -1 -1
149:4:0  21 21 22  -1 -1 -1  -1 -1 -1  -1 -1 -1
149:1:1  20 22 22  19 19 19  19 19 19  19 19 19
149:2:1  20 22 22  19 19 19  19 19 19  -1 -1 -1
149:3:1  20 22 22  19 19 19  -1 -1 -1  -1 -1 -1
149:4:1  20 22 22  -1 -1 -1  -1 -1 -1  -1 -1 -1
153:1:0  21 21 22  19 19 19  19 19 19  19 19 19
153:2:0  21 21 22  19 19 19  19 19 19  -1 -1 -1
153:3:0  21 21 22  19 19 19  -1 -1 -1  -1 -1 -1
153:4:0  21 21 22  -1 -1 -1  -1 -1 -1  -1 -1 -1
153:1:1  20 22 22  19 19 19  19 19 19  19 19 19
153:2:1  20 22 22  19 19 19  19 19 19  -1 -1 -1
153:3:1  20 22 22  19 19 19  -1 -1 -1  -1 -1 -1
153:4:1  20 22 22  -1 -1 -1  -1 -1 -1  -1 -1 -1
157:1:0  21 21 22  19 19 19  19 19 19  19 19 19
157:2:0  21 21 22  19 19 19  19 19 19  -1 -1 -1
157:3:0  21 21 22  19 19 19  -1 -1 -1  -1 -1 -1
157:4:0  21 21 22  -1 -1 -1  -1 -1 -1  -1 -1 -1
157:1:1  20 22 22  19 19 19  19 19 19  19 19 19
157:2:1  20 22 22  19 19 19  19 19 19  -1 -1 -1
157:3:1  20 22 22  19 19 19  -1 -1 -1  -1 -1 -1
157:4:1  20 22 22  -1 -1 -1  -1 -1 -1  -1 -1 -1
161:1:0  21 21 22  19 19 19  19 19 19  19 19 19
161:2:0  21 21 22  19 19 19  19 19 19  -1 -1 -1
161:3:0  21 21 22  19 19 19  -1 -1 -1  -1 -1 -1
161:4:0  21 21 22  -1 -1 -1  -1 -1 -1  -1 -1 -1
161:1:1  20 22 22  19 19 19  19 19 19  19 19 19
161:2:1  20 22 22  19 19 19  19 19 19  -1 -1 -1
161:3:1  20 22 22  19 19 19  -1 -1 -1  -1 -1 -1
161:4:1  20 22 22  -1 -1 -1  -1 -1 -1  -1 -1 -1
165:1:0  -1 -1 22  -1 -1 19  -1 -1 19  -1 -1 19
165:2:0  -1 -1 22  -1 -1 19  -1 -1 19  -1 -1 -1
165:3:0  -1 -1 22  -1 -1 19  -1 -1 -1  -1 -1 -1
165:4:0  -1 -1 22  -1 -1 -1  -1 -1 -1  -1 -1 -1
165:1:1  -1 -1 22  -1 -1 19  -1 -1 19  -1 -1 19
165:2:1  -1 -1 22  -1 -1 19  -1 -1 19  -1 -1 -1
165:3:1  -1 -1 22  -1 -1 19  -1 -1 -1  -1 -1 -1
165:4:1  -1 -1 22  -1 -1 -1  -1 -1 -1  -1 -1 -1
169:1:0  -1 -1 22  -1 -1 19  -1 -1 19  -1 -1 19
169:2:0  -1 -1 22  -1 -1 19  -1 -1 19  -1 -1 -1
169:3:0  -1 -1 22  -1 -1 19  -1 -1 -1  -1 -1 -1
169:4:0  -1 -1 22  -1 -1 -1  -1 -1 -1  -1 -1 -1
169:1:1  -1 -1 22  -1 -1 19  -1 -1 19  -1 -1 19
169:2:1  -1 -1 22  -1 -1 19  -1 -1 19  -1 -1 -1
169:3:1  -1 -1 22  -1 -1 19  -1 -1 -1  -1 -1 -1
169:4:1  -1 -1 22  -1 -1 -1  -1 -1 -1  -1 -1 -1
