*band 1 us
36 11 11 10 12 12 12 14 14 14 16 16 15
36 11 11 11 12 12 12 14 14 14 -1 -1 -1
36 11 11 11 12 12 12 -1 -1 -1 -1 -1 -1
36 11 11 11 -1 -1 -1 -1 -1 -1 -1 -1 -1
36 11 11 11 12 12 12 14 14 14 16 16 16
36 11 11 11 12 12 12 14 14 14 -1 -1 -1
36 11 11 11 12 12 12 -1 -1 -1 -1 -1 -1
36 11 11 11 -1 -1 -1 -1 -1 -1 -1 -1 -1
40 11 11 10 12 12 12 14 14 14 16 16 15
40 11 11 11 12 12 12 14 14 14 -1 -1 -1
40 11 11 11 12 12 12 -1 -1 -1 -1 -1 -1
40 11 11 11 -1 -1 -1 -1 -1 -1 -1 -1 -1
40 11 11 11 12 12 12 14 14 14 16 16 16
40 11 11 11 12 12 12 14 14 14 -1 -1 -1
40 11 11 11 12 12 12 -1 -1 -1 -1 -1 -1
40 11 11 11 -1 -1 -1 -1 -1 -1 -1 -1 -1
44 11 11 10 12 12 12 14 14 14 16 16 15
44 11 11 11 12 12 12 14 14 14 -1 -1 -1
44 11 11 11 12 12 12 -1 -1 -1 -1 -1 -1
44 11 11 11 -1 -1 -1 -1 -1 -1 -1 -1 -1
44 11 11 11 12 12 12 14 14 14 16 16 16
44 11 11 11 12 12 12 14 14 14 -1 -1 -1
44 11 11 11 12 12 12 -1 -1 -1 -1 -1 -1
44 11 11 11 -1 -1 -1 -1 -1 -1 -1 -1 -1
48 11 11 10 12 12 12 14 14 14 16 16 15
48 11 11 11 12 12 12 14 14 14 -1 -1 -1
48 11 11 11 12 12 12 -1 -1 -1 -1 -1 -1
48 11 11 11 -1 -1 -1 -1 -1 -1 -1 -1 -1
48 11 11 11 12 12 12 14 14 14 16 16 16
48 11 11 11 12 12 12 14 14 14 -1 -1 -1
48 11 11 11 12 12 12 -1 -1 -1 -1 -1 -1
48 11 11 11 -1 -1 -1 -1 -1 -1 -1 -1 -1
*band 2 us
52 17 17 17 17 18 18 18 20 20 21 23 23
52 17 17 17 17 18 18 18 20 20 -1 -1 -1
52 17 17 17 17 18 18 -1 -1 -1 -1 -1 -1
52 17 17 17 -1 -1 -1 -1 -1 -1 -1 -1 -1
52 14 17 17 16 17 18 18 19 20 21 22 23
52 16 17 17 16 17 18 18 19 20 -1 -1 -1
52 17 17 17 17 18 18 -1 -1 -1 -1 -1 -1
52 17 17 17 -1 -1 -1 -1 -1 -1 -1 -1 -1
56 17 17 17 17 18 18 18 20 20 21 23 23
56 17 17 17 17 18 18 18 20 20 -1 -1 -1
56 17 17 17 17 18 18 -1 -1 -1 -1 -1 -1
56 17 17 17 -1 -1 -1 -1 -1 -1 -1 -1 -1
56 14 17 17 16 17 18 18 19 20 21 22 23
56 16 17 17 16 17 18 18 19 20 -1 -1 -1
56 17 17 17 17 18 18 -1 -1 -1 -1 -1 -1
56 17 17 17 -1 -1 -1 -1 -1 -1 -1 -1 -1
60 17 17 17 17 18 18 18 20 20 21 23 23
60 17 17 17 17 18 18 18 20 20 -1 -1 -1
60 17 17 17 17 18 18 -1 -1 -1 -1 -1 -1
60 17 17 17 -1 -1 -1 -1 -1 -1 -1 -1 -1
60 14 17 17 16 17 18 18 19 20 21 22 23
60 16 17 17 16 17 18 18 19 20 -1 -1 -1
60 17 17 17 17 18 18 -1 -1 -1 -1 -1 -1
60 17 17 17 -1 -1 -1 -1 -1 -1 -1 -1 -1
64 17 17 17 17 18 18 18 20 20 21 23 23
64 17 17 17 17 18 18 18 20 20 -1 -1 -1
64 17 17 17 17 18 18 -1 -1 -1 -1 -1 -1
64 17 17 17 -1 -1 -1 -1 -1 -1 -1 -1 -1
64 14 17 17 16 17 18 18 19 20 21 22 23
64 16 17 17 16 17 18 18 19 20 -1 -1 -1
64 17 17 17 17 18 18 -1 -1 -1 -1 -1 -1
64 17 17 17 -1 -1 -1 -1 -1 -1 -1 -1 -1
*band 3 us
100 16 16 17 16 17 18 18 19 20 21 22 23
100 16 16 17 16 17 18 18 19 20 -1 -1 -1
100 16 16 17 16 17 18 -1 -1 -1 -1 -1 -1
100 16 16 17 -1 -1 -1 -1 -1 -1 -1 -1 -1
100 14 16 17 16 17 18 18 19 20 21 22 23
100 16 16 17 16 17 18 18 19 20 -1 -1 -1
100 16 16 17 16 17 18 -1 -1 -1 -1 -1 -1
100 16 16 17 -1 -1 -1 -1 -1 -1 -1 -1 -1
104 16 16 17 16 17 18 18 20 20 21 22 23
104 16 16 17 16 17 18 18 20 20 -1 -1 -1
104 16 16 17 16 17 18 -1 -1 -1 -1 -1 -1
104 16 16 17 -1 -1 -1 -1 -1 -1 -1 -1 -1
104 14 16 17 16 17 18 18 20 20 21 22 23
104 16 16 17 16 17 18 18 20 20 -1 -1 -1
104 16 16 17 16 17 18 -1 -1 -1 -1 -1 -1
104 16 16 17 -1 -1 -1 -1 -1 -1 -1 -1 -1
108 16 17 17 16 18 18 18 20 20 21 22 23
108 16 17 17 16 18 18 18 20 20 -1 -1 -1
108 16 17 17 16 18 18 -1 -1 -1 -1 -1 -1
108 16 17 17 -1 -1 -1 -1 -1 -1 -1 -1 -1
108 13 17 17 16 18 18 18 20 20 21 22 23
108 15 17 17 16 18 18 18 20 20 -1 -1 -1
108 16 17 17 16 18 18 -1 -1 -1 -1 -1 -1
108 16 17 17 -1 -1 -1 -1 -1 -1 -1 -1 -1
112 16 17 17 16 18 18 18 20 20 21 22 23
112 16 17 17 16 18 18 18 20 20 -1 -1 -1
112 16 17 17 16 18 18 -1 -1 -1 -1 -1 -1
112 16 17 17 -1 -1 -1 -1 -1 -1 -1 -1 -1
112 13 17 17 16 18 18 18 20 20 21 22 23
112 15 17 17 16 18 18 18 20 20 -1 -1 -1
112 16 17 17 16 18 18 -1 -1 -1 -1 -1 -1
112 16 17 17 -1 -1 -1 -1 -1 -1 -1 -1 -1
116 -1 -1 17 -1 -1 18 -1 -1 20 -1 -1 23
116 -1 -1 17 -1 -1 18 -1 -1 20 -1 -1 -1
116 -1 -1 17 -1 -1 18 -1 -1 -1 -1 -1 -1
116 -1 -1 17 -1 -1 -1 -1 -1 -1 -1 -1 -1
116 -1 -1 17 -1 -1 18 -1 -1 20 -1 -1 23
116 -1 -1 17 -1 -1 18 -1 -1 20 -1 -1 -1
116 -1 -1 17 -1 -1 18 -1 -1 -1 -1 -1 -1
116 -1 -1 17 -1 -1 -1 -1 -1 -1 -1 -1 -1
120 -1 -1 -1 -1 -1 -1 -1 -1 -1 -1 -1 -1
120 -1 -1 -1 -1 -1 -1 -1 -1 -1 -1 -1 -1
120 -1 -1 -1 -1 -1 -1 -1 -1 -1 -1 -1 -1
120 -1 -1 -1 -1 -1 -1 -1 -1 -1 -1 -1 -1
120 -1 -1 -1 -1 -1 -1 -1 -1 -1 -1 -1 -1
120 -1 -1 -1 -1 -1 -1 -1 -1 -1 -1 -1 -1
120 -1 -1 -1 -1 -1 -1 -1 -1 -1 -1 -1 -1
120 -1 -1 -1 -1 -1 -1 -1 -1 -1 -1 -1 -1
124 -1 -1 -1 -1 -1 -1 -1 -1 -1 -1 -1 -1
124 -1 -1 -1 -1 -1 -1 -1 -1 -1 -1 -1 -1
124 -1 -1 -1 -1 -1 -1 -1 -1 -1 -1 -1 -1
124 -1 -1 -1 -1 -1 -1 -1 -1 -1 -1 -1 -1
124 -1 -1 -1 -1 -1 -1 -1 -1 -1 -1 -1 -1
124 -1 -1 -1 -1 -1 -1 -1 -1 -1 -1 -1 -1
124 -1 -1 -1 -1 -1 -1 -1 -1 -1 -1 -1 -1
124 -1 -1 -1 -1 -1 -1 -1 -1 -1 -1 -1 -1
128 -1 -1 -1 -1 -1 -1 -1 -1 -1 -1 -1 -1
128 -1 -1 -1 -1 -1 -1 -1 -1 -1 -1 -1 -1
128 -1 -1 -1 -1 -1 -1 -1 -1 -1 -1 -1 -1
128 -1 -1 -1 -1 -1 -1 -1 -1 -1 -1 -1 -1
128 -1 -1 -1 -1 -1 -1 -1 -1 -1 -1 -1 -1
128 -1 -1 -1 -1 -1 -1 -1 -1 -1 -1 -1 -1
128 -1 -1 -1 -1 -1 -1 -1 -1 -1 -1 -1 -1
128 -1 -1 -1 -1 -1 -1 -1 -1 -1 -1 -1 -1
132 17 17 17 18 18 18 20 20 20 23 23 23
132 17 17 17 18 18 18 20 20 20 -1 -1 -1
132 17 17 17 18 18 18 -1 -1 -1 -1 -1 -1
132 17 17 17 -1 -1 -1 -1 -1 -1 -1 -1 -1
132 17 17 17 17 17 17 20 20 20 23 23 23
132 17 17 17 18 18 18 20 20 20 -1 -1 -1
132 17 17 17 18 18 18 -1 -1 -1 -1 -1 -1
132 17 17 17 -1 -1 -1 -1 -1 -1 -1 -1 -1
136 17 17 17 18 18 18 20 20 20 23 23 23
136 17 17 17 18 18 18 20 20 20 -1 -1 -1
136 17 17 17 18 18 18 -1 -1 -1 -1 -1 -1
136 17 17 17 -1 -1 -1 -1 -1 -1 -1 -1 -1
136 17 17 17 17 17 17 20 20 20 23 23 23
136 17 17 17 18 18 18 20 20 20 -1 -1 -1
136 17 17 17 18 18 18 -1 -1 -1 -1 -1 -1
136 17 17 17 -1 -1 -1 -1 -1 -1 -1 -1 -1
140 17 17 17 18 18 18 20 20 20 23 23 23
140 17 17 17 18 18 18 20 20 20 -1 -1 -1
140 17 17 17 18 18 18 -1 -1 -1 -1 -1 -1
140 17 17 17 -1 -1 -1 -1 -1 -1 -1 -1 -1
140 17 17 17 17 17 17 20 20 20 23 23 23
140 17 17 17 18 18 18 20 20 20 -1 -1 -1
140 17 17 17 18 18 18 -1 -1 -1 -1 -1 -1
140 17 17 17 -1 -1 -1 -1 -1 -1 -1 -1 -1
144 17 17 17 18 18 18 20 20 20 23 23 23
144 17 17 17 18 18 18 20 20 20 -1 -1 -1
144 17 17 17 18 18 18 -1 -1 -1 -1 -1 -1
144 17 17 17 -1 -1 -1 -1 -1 -1 -1 -1 -1
144 17 17 17 17 17 17 20 20 20 23 23 23
144 17 17 17 18 18 18 20 20 20 -1 -1 -1
144 17 17 17 18 18 18 -1 -1 -1 -1 -1 -1
144 17 17 17 -1 -1 -1 -1 -1 -1 -1 -1 -1
*band 4 us
149 23 23 23 23 23 23 23 23 23 23 23 23
149 23 23 23 23 23 23 23 23 23 -1 -1 -1
149 23 23 23 23 23 23 -1 -1 -1 -1 -1 -1
149 23 23 23 -1 -1 -1 -1 -1 -1 -1 -1 -1
149 23 23 23 23 23 23 23 23 23 23 23 23
149 23 23 23 23 23 23 23 23 23 -1 -1 -1
149 23 23 23 23 23 23 -1 -1 -1 -1 -1 -1
149 23 23 23 -1 -1 -1 -1 -1 -1 -1 -1 -1
153 23 23 23 23 23 23 23 23 23 23 23 23
153 23 23 23 23 23 23 23 23 23 -1 -1 -1
153 23 23 23 23 23 23 -1 -1 -1 -1 -1 -1
153 23 23 23 -1 -1 -1 -1 -1 -1 -1 -1 -1
153 23 23 23 23 23 23 23 23 23 23 23 23
153 23 23 23 23 23 23 23 23 23 -1 -1 -1
153 23 23 23 23 23 23 -1 -1 -1 -1 -1 -1
153 23 23 23 -1 -1 -1 -1 -1 -1 -1 -1 -1
157 23 23 23 23 23 23 23 23 23 23 23 23
157 23 23 23 23 23 23 23 23 23 -1 -1 -1
157 23 23 23 23 23 23 -1 -1 -1 -1 -1 -1
157 23 23 23 -1 -1 -1 -1 -1 -1 -1 -1 -1
157 23 23 23 23 23 23 23 23 23 23 23 23
157 23 23 23 23 23 23 23 23 23 -1 -1 -1
157 23 23 23 23 23 23 -1 -1 -1 -1 -1 -1
157 23 23 23 -1 -1 -1 -1 -1 -1 -1 -1 -1
161 23 23 23 23 23 23 23 23 23 23 23 23
161 23 23 23 23 23 23 23 23 23 -1 -1 -1
161 23 23 23 23 23 23 -1 -1 -1 -1 -1 -1
161 23 23 23 -1 -1 -1 -1 -1 -1 -1 -1 -1
161 23 23 23 23 23 23 23 23 23 23 23 23
161 23 23 23 23 23 23 23 23 23 -1 -1 -1
161 23 23 23 23 23 23 -1 -1 -1 -1 -1 -1
161 23 23 23 -1 -1 -1 -1 -1 -1 -1 -1 -1
165 -1 -1 23 -1 -1 23 -1 -1 23 -1 -1 23
165 -1 -1 23 -1 -1 23 -1 -1 23 -1 -1 -1
165 -1 -1 23 -1 -1 23 -1 -1 -1 -1 -1 -1
165 -1 -1 23 -1 -1 -1 -1 -1 -1 -1 -1 -1
165 -1 -1 23 -1 -1 21 -1 -1 23 -1 -1 23
165 -1 -1 23 -1 -1 23 -1 -1 23 -1 -1 -1
165 -1 -1 23 -1 -1 23 -1 -1 -1 -1 -1 -1
165 -1 -1 23 -1 -1 -1 -1 -1 -1 -1 -1 -1
169 -1 -1 23 -1 -1 23 -1 -1 23 -1 -1 23
169 -1 -1 23 -1 -1 23 -1 -1 23 -1 -1 -1
169 -1 -1 23 -1 -1 23 -1 -1 -1 -1 -1 -1
169 -1 -1 23 -1 -1 -1 -1 -1 -1 -1 -1 -1
169 -1 -1 23 -1 -1 21 -1 -1 23 -1 -1 23
169 -1 -1 23 -1 -1 23 -1 -1 23 -1 -1 -1
169 -1 -1 23 -1 -1 23 -1 -1 -1 -1 -1 -1
169 -1 -1 23 -1 -1 -1 -1 -1 -1 -1 -1 -1
