#c:s:b:ul - channel:SpatialStreamsNum:beamforming:upper-lower band
*band 0 eu
#           4-c    3-c    2-c    1-c
#c:s:b:ul| 40 20| 40 20| 40 20| 40 20
#------------------------------------
1:1:0:l   14 14  -1 -1  -1 -1  -1 -1
1:2:0:l   14 14  -1 -1  -1 -1  -1 -1
1:3:0:l   14 14  -1 -1  -1 -1  -1 -1
1:4:0:l   14 14  -1 -1  -1 -1  -1 -1
1:1:1:l   12 12  -1 -1  -1 -1  -1 -1
1:2:1:l   14 14  -1 -1  -1 -1  -1 -1
1:3:1:l   14 14  -1 -1  -1 -1  -1 -1
1:4:1:l   14 14  -1 -1  -1 -1  -1 -1
2:1:0:l   14 14  -1 -1  -1 -1  -1 -1
2:2:0:l   14 14  -1 -1  -1 -1  -1 -1
2:3:0:l   14 14  -1 -1  -1 -1  -1 -1
2:4:0:l   14 14  -1 -1  -1 -1  -1 -1
2:1:1:l   12 12  -1 -1  -1 -1  -1 -1
2:2:1:l   14 14  -1 -1  -1 -1  -1 -1
2:3:1:l   14 14  -1 -1  -1 -1  -1 -1
2:4:1:l   14 14  -1 -1  -1 -1  -1 -1
3:1:0:l   14 14  -1 -1  -1 -1  -1 -1
3:2:0:l   14 14  -1 -1  -1 -1  -1 -1
3:3:0:l   14 14  -1 -1  -1 -1  -1 -1
3:4:0:l   14 14  -1 -1  -1 -1  -1 -1
3:1:1:l   12 12  -1 -1  -1 -1  -1 -1
3:2:1:l   14 14  -1 -1  -1 -1  -1 -1
3:3:1:l   14 14  -1 -1  -1 -1  -1 -1
3:4:1:l   14 14  -1 -1  -1 -1  -1 -1
4:1:0:l   14 14  -1 -1  -1 -1  -1 -1
4:2:0:l   14 14  -1 -1  -1 -1  -1 -1
4:3:0:l   14 14  -1 -1  -1 -1  -1 -1
4:4:0:l   14 14  -1 -1  -1 -1  -1 -1
4:1:1:l   12 12  -1 -1  -1 -1  -1 -1
4:2:1:l   14 14  -1 -1  -1 -1  -1 -1
4:3:1:l   14 14  -1 -1  -1 -1  -1 -1
4:4:1:l   14 14  -1 -1  -1 -1  -1 -1
5:1:0:l   14 14  -1 -1  -1 -1  -1 -1
5:2:0:l   14 14  -1 -1  -1 -1  -1 -1
5:3:0:l   14 14  -1 -1  -1 -1  -1 -1
5:4:0:l   14 14  -1 -1  -1 -1  -1 -1
5:1:1:l   12 12  -1 -1  -1 -1  -1 -1
5:2:1:l   14 14  -1 -1  -1 -1  -1 -1
5:3:1:l   14 14  -1 -1  -1 -1  -1 -1
5:4:1:l   14 14  -1 -1  -1 -1  -1 -1
5:1:0:u   14 14  -1 -1  -1 -1  -1 -1
5:2:0:u   14 14  -1 -1  -1 -1  -1 -1
5:3:0:u   14 14  -1 -1  -1 -1  -1 -1
5:4:0:u   14 14  -1 -1  -1 -1  -1 -1
5:1:1:u   12 12  -1 -1  -1 -1  -1 -1
5:2:1:u   14 14  -1 -1  -1 -1  -1 -1
5:3:1:u   14 14  -1 -1  -1 -1  -1 -1
5:4:1:u   14 14  -1 -1  -1 -1  -1 -1
6:1:0:l   14 14  -1 -1  -1 -1  -1 -1
6:2:0:l   14 14  -1 -1  -1 -1  -1 -1
6:3:0:l   14 14  -1 -1  -1 -1  -1 -1
6:4:0:l   14 14  -1 -1  -1 -1  -1 -1
6:1:1:l   12 12  -1 -1  -1 -1  -1 -1
6:2:1:l   14 14  -1 -1  -1 -1  -1 -1
6:3:1:l   14 14  -1 -1  -1 -1  -1 -1
6:4:1:l   14 14  -1 -1  -1 -1  -1 -1
6:1:0:u   14 14  -1 -1  -1 -1  -1 -1
6:2:0:u   14 14  -1 -1  -1 -1  -1 -1
6:3:0:u   14 14  -1 -1  -1 -1  -1 -1
6:4:0:u   14 14  -1 -1  -1 -1  -1 -1
6:1:1:u   12 12  -1 -1  -1 -1  -1 -1
6:2:1:u   14 14  -1 -1  -1 -1  -1 -1
6:3:1:u   14 14  -1 -1  -1 -1  -1 -1
6:4:1:u   14 14  -1 -1  -1 -1  -1 -1
7:1:0:l   14 14  -1 -1  -1 -1  -1 -1
7:2:0:l   14 14  -1 -1  -1 -1  -1 -1
7:3:0:l   14 14  -1 -1  -1 -1  -1 -1
7:4:0:l   14 14  -1 -1  -1 -1  -1 -1
7:1:1:l   12 12  -1 -1  -1 -1  -1 -1
7:2:1:l   14 14  -1 -1  -1 -1  -1 -1
7:3:1:l   14 14  -1 -1  -1 -1  -1 -1
7:4:1:l   14 14  -1 -1  -1 -1  -1 -1
7:1:0:u   14 14  -1 -1  -1 -1  -1 -1
7:2:0:u   14 14  -1 -1  -1 -1  -1 -1
7:3:0:u   14 14  -1 -1  -1 -1  -1 -1
7:4:0:u   14 14  -1 -1  -1 -1  -1 -1
7:1:1:u   12 12  -1 -1  -1 -1  -1 -1
7:2:1:u   14 14  -1 -1  -1 -1  -1 -1
7:3:1:u   14 14  -1 -1  -1 -1  -1 -1
7:4:1:u   14 14  -1 -1  -1 -1  -1 -1
8:1:0:l   14 14  -1 -1  -1 -1  -1 -1
8:2:0:l   14 14  -1 -1  -1 -1  -1 -1
8:3:0:l   14 14  -1 -1  -1 -1  -1 -1
8:4:0:l   14 14  -1 -1  -1 -1  -1 -1
8:1:1:l   12 12  -1 -1  -1 -1  -1 -1
8:2:1:l   14 14  -1 -1  -1 -1  -1 -1
8:3:1:l   14 14  -1 -1  -1 -1  -1 -1
8:4:1:l   14 14  -1 -1  -1 -1  -1 -1
8:1:0:u   14 14  -1 -1  -1 -1  -1 -1
8:2:0:u   14 14  -1 -1  -1 -1  -1 -1
8:3:0:u   14 14  -1 -1  -1 -1  -1 -1
8:4:0:u   14 14  -1 -1  -1 -1  -1 -1
8:1:1:u   12 12  -1 -1  -1 -1  -1 -1
8:2:1:u   14 14  -1 -1  -1 -1  -1 -1
8:3:1:u   14 14  -1 -1  -1 -1  -1 -1
8:4:1:u   14 14  -1 -1  -1 -1  -1 -1
9:1:0:l   14 14  -1 -1  -1 -1  -1 -1
9:2:0:l   14 14  -1 -1  -1 -1  -1 -1
9:3:0:l   14 14  -1 -1  -1 -1  -1 -1
9:4:0:l   14 14  -1 -1  -1 -1  -1 -1
9:1:1:l   12 12  -1 -1  -1 -1  -1 -1
9:2:1:l   14 14  -1 -1  -1 -1  -1 -1
9:3:1:l   14 14  -1 -1  -1 -1  -1 -1
9:4:1:l   14 14  -1 -1  -1 -1  -1 -1
9:1:0:u   14 14  -1 -1  -1 -1  -1 -1
9:2:0:u   14 14  -1 -1  -1 -1  -1 -1
9:3:0:u   14 14  -1 -1  -1 -1  -1 -1
9:4:0:u   14 14  -1 -1  -1 -1  -1 -1
9:1:1:u   12 12  -1 -1  -1 -1  -1 -1
9:2:1:u   14 14  -1 -1  -1 -1  -1 -1
9:3:1:u   14 14  -1 -1  -1 -1  -1 -1
9:4:1:u   14 14  -1 -1  -1 -1  -1 -1
10:1:0:u  14 14  -1 -1  -1 -1  -1 -1
10:2:0:u  14 14  -1 -1  -1 -1  -1 -1
10:3:0:u  14 14  -1 -1  -1 -1  -1 -1
10:4:0:u  14 14  -1 -1  -1 -1  -1 -1
10:1:1:u  12 12  -1 -1  -1 -1  -1 -1
10:2:1:u  14 14  -1 -1  -1 -1  -1 -1
10:3:1:u  14 14  -1 -1  -1 -1  -1 -1
10:4:1:u  14 14  -1 -1  -1 -1  -1 -1
11:1:0:u  14 14  -1 -1  -1 -1  -1 -1
11:2:0:u  14 14  -1 -1  -1 -1  -1 -1
11:3:0:u  14 14  -1 -1  -1 -1  -1 -1
11:4:0:u  14 14  -1 -1  -1 -1  -1 -1
11:1:1:u  12 12  -1 -1  -1 -1  -1 -1
11:2:1:u  14 14  -1 -1  -1 -1  -1 -1
11:3:1:u  14 14  -1 -1  -1 -1  -1 -1
11:4:1:u  14 14  -1 -1  -1 -1  -1 -1
12:1:0:u  14 14  -1 -1  -1 -1  -1 -1
12:2:0:u  14 14  -1 -1  -1 -1  -1 -1
12:3:0:u  14 14  -1 -1  -1 -1  -1 -1
12:4:0:u  14 14  -1 -1  -1 -1  -1 -1
12:1:1:u  12 12  -1 -1  -1 -1  -1 -1
12:2:1:u  14 14  -1 -1  -1 -1  -1 -1
12:3:1:u  14 14  -1 -1  -1 -1  -1 -1
12:4:1:u  14 14  -1 -1  -1 -1  -1 -1
13:1:0:u  14 14  -1 -1  -1 -1  -1 -1
13:2:0:u  14 14  -1 -1  -1 -1  -1 -1
13:3:0:u  14 14  -1 -1  -1 -1  -1 -1
13:4:0:u  14 14  -1 -1  -1 -1  -1 -1
13:1:1:u  12 12  -1 -1  -1 -1  -1 -1
13:2:1:u  14 14  -1 -1  -1 -1  -1 -1
13:3:1:u  14 14  -1 -1  -1 -1  -1 -1
13:4:1:u  14 14  -1 -1  -1 -1  -1 -1

#===11b===
*band 0 eu b
#       4-c 3-c 2-c 1-c
#c:s:b | 20| 20| 20| 20
#-------------------------
1:1:0   14  -1  -1  -1
2:1:0   14  -1  -1  -1
3:1:0   14  -1  -1  -1
4:1:0   14  -1  -1  -1
5:1:0   14  -1  -1  -1
6:1:0   14  -1  -1  -1
7:1:0   14  -1  -1  -1
8:1:0   14  -1  -1  -1
9:1:0   14  -1  -1  -1
10:1:0  14  -1  -1  -1
11:1:0  14  -1  -1  -1
12:1:0  14  -1  -1  -1
13:1:0  14  -1  -1  -1
