#c:s:b:ul - channel:SpatialStreamsNum:beamforming:upper-lower band
*band 0 us
#           4-c    3-c    2-c    1-c
#c:s:b:ul| 40 20| 40 20| 40 20| 40 20
#------------------------------------
1:1:0:l   16 19  15 16  15 16  15 16
1:2:0:l   16 19  15 16  15 16  -1 -1
1:3:0:l   16 19  15 16  -1 -1  -1 -1
1:4:0:l   16 19  -1 -1  -1 -1  -1 -1
1:1:1:l   -1 -1  -1 -1  -1 -1  -1 -1
1:2:1:l   -1 -1  -1 -1  -1 -1  -1 -1
1:3:1:l   -1 -1  -1 -1  -1 -1  -1 -1
1:4:1:l   -1 -1  -1 -1  -1 -1  -1 -1
2:1:0:l   16 19  15 17  15 17  15 17
2:2:0:l   16 19  15 17  15 17  -1 -1
2:3:0:l   16 19  15 17  -1 -1  -1 -1
2:4:0:l   16 19  -1 -1  -1 -1  -1 -1
2:1:1:l   -1 -1  -1 -1  -1 -1  -1 -1
2:2:1:l   -1 -1  -1 -1  -1 -1  -1 -1
2:3:1:l   -1 -1  -1 -1  -1 -1  -1 -1
2:4:1:l   -1 -1  -1 -1  -1 -1  -1 -1
3:1:0:l   16 19  16 19  16 19  16 19
3:2:0:l   16 19  16 19  16 19  -1 -1
3:3:0:l   16 19  16 19  -1 -1  -1 -1
3:4:0:l   16 19  -1 -1  -1 -1  -1 -1
3:1:1:l   -1 -1  -1 -1  -1 -1  -1 -1
3:2:1:l   -1 -1  -1 -1  -1 -1  -1 -1
3:3:1:l   -1 -1  -1 -1  -1 -1  -1 -1
3:4:1:l   -1 -1  -1 -1  -1 -1  -1 -1
4:1:0:l   20 19  17 19  17 19  17 19
4:2:0:l   20 19  17 19  17 19  -1 -1
4:3:0:l   20 19  17 19  -1 -1  -1 -1
4:4:0:l   20 19  -1 -1  -1 -1  -1 -1
4:1:1:l   -1 -1  -1 -1  -1 -1  -1 -1
4:2:1:l   -1 -1  -1 -1  -1 -1  -1 -1
4:3:1:l   -1 -1  -1 -1  -1 -1  -1 -1
4:4:1:l   -1 -1  -1 -1  -1 -1  -1 -1
5:1:0:l   19 19  17 19  17 19  17 19
5:2:0:l   19 19  17 19  17 19  -1 -1
5:3:0:l   19 19  17 19  -1 -1  -1 -1
5:4:0:l   19 19  -1 -1  -1 -1  -1 -1
5:1:1:l   -1 -1  -1 -1  -1 -1  -1 -1
5:2:1:l   -1 -1  -1 -1  -1 -1  -1 -1
5:3:1:l   -1 -1  -1 -1  -1 -1  -1 -1
5:4:1:l   -1 -1  -1 -1  -1 -1  -1 -1
5:1:0:u   16 19  15 19  15 19  15 19
5:2:0:u   16 19  15 19  15 19  -1 -1
5:3:0:u   16 19  15 19  -1 -1  -1 -1
5:4:0:u   16 19  -1 -1  -1 -1  -1 -1
5:1:1:u   -1 -1  -1 -1  -1 -1  -1 -1
5:2:1:u   -1 -1  -1 -1  -1 -1  -1 -1
5:3:1:u   -1 -1  -1 -1  -1 -1  -1 -1
5:4:1:u   -1 -1  -1 -1  -1 -1  -1 -1
6:1:0:l   19 25  16 19  16 19  16 19
6:2:0:l   19 25  16 19  16 19  -1 -1
6:3:0:l   19 25  16 19  -1 -1  -1 -1
6:4:0:l   19 25  -1 -1  -1 -1  -1 -1
6:1:1:l   -1 -1  -1 -1  -1 -1  -1 -1
6:2:1:l   -1 -1  -1 -1  -1 -1  -1 -1
6:3:1:l   -1 -1  -1 -1  -1 -1  -1 -1
6:4:1:l   -1 -1  -1 -1  -1 -1  -1 -1
6:1:0:u   16 25  15 19  15 19  15 19
6:2:0:u   16 25  15 19  15 19  -1 -1
6:3:0:u   16 25  15 19  -1 -1  -1 -1
6:4:0:u   16 25  -1 -1  -1 -1  -1 -1
6:1:1:u   -1 -1  -1 -1  -1 -1  -1 -1
6:2:1:u   -1 -1  -1 -1  -1 -1  -1 -1
6:3:1:u   -1 -1  -1 -1  -1 -1  -1 -1
6:4:1:u   -1 -1  -1 -1  -1 -1  -1 -1
7:1:0:l   19 21  16 19  16 19  16 19
7:2:0:l   19 21  16 19  16 19  -1 -1
7:3:0:l   19 21  16 19  -1 -1  -1 -1
7:4:0:l   19 21  -1 -1  -1 -1  -1 -1
7:1:1:l   -1 -1  -1 -1  -1 -1  -1 -1
7:2:1:l   -1 -1  -1 -1  -1 -1  -1 -1
7:3:1:l   -1 -1  -1 -1  -1 -1  -1 -1
7:4:1:l   -1 -1  -1 -1  -1 -1  -1 -1
7:1:0:u   16 21  16 19  16 19  16 19
7:2:0:u   16 21  16 19  16 19  -1 -1
7:3:0:u   16 21  16 19  -1 -1  -1 -1
7:4:0:u   16 21  -1 -1  -1 -1  -1 -1
7:1:1:u   -1 -1  -1 -1  -1 -1  -1 -1
7:2:1:u   -1 -1  -1 -1  -1 -1  -1 -1
7:3:1:u   -1 -1  -1 -1  -1 -1  -1 -1
7:4:1:u   -1 -1  -1 -1  -1 -1  -1 -1
8:1:0:l   -1 21  -1 19  -1 19  -1 19
8:2:0:l   -1 21  -1 19  -1 19  -1 -1
8:3:0:l   -1 21  -1 19  -1 -1  -1 -1
8:4:0:l   -1 21  -1 -1  -1 -1  -1 -1
8:1:1:l   -1 -1  -1 -1  -1 -1  -1 -1
8:2:1:l   -1 -1  -1 -1  -1 -1  -1 -1
8:3:1:l   -1 -1  -1 -1  -1 -1  -1 -1
8:4:1:l   -1 -1  -1 -1  -1 -1  -1 -1
8:1:0:u   20 21  17 19  17 19  17 19
8:2:0:u   20 21  17 19  17 19  -1 -1
8:3:0:u   20 21  17 19  -1 -1  -1 -1
8:4:0:u   20 21  -1 -1  -1 -1  -1 -1
8:1:1:u   -1 -1  -1 -1  -1 -1  -1 -1
8:2:1:u   -1 -1  -1 -1  -1 -1  -1 -1
8:3:1:u   -1 -1  -1 -1  -1 -1  -1 -1
8:4:1:u   -1 -1  -1 -1  -1 -1  -1 -1
9:1:0:l   -1 21  -1 19  -1 19  -1 19
9:2:0:l   -1 21  -1 19  -1 19  -1 -1
9:3:0:l   -1 21  -1 19  -1 -1  -1 -1
9:4:0:l   -1 21  -1 -1  -1 -1  -1 -1
9:1:1:l   -1 -1  -1 -1  -1 -1  -1 -1
9:2:1:l   -1 -1  -1 -1  -1 -1  -1 -1
9:3:1:l   -1 -1  -1 -1  -1 -1  -1 -1
9:4:1:l   -1 -1  -1 -1  -1 -1  -1 -1
9:1:0:u   19 21  17 19  17 19  17 19
9:2:0:u   19 21  17 19  17 19  -1 -1
9:3:0:u   19 21  17 19  -1 -1  -1 -1
9:4:0:u   19 21  -1 -1  -1 -1  -1 -1
9:1:1:u   -1 -1  -1 -1  -1 -1  -1 -1
9:2:1:u   -1 -1  -1 -1  -1 -1  -1 -1
9:3:1:u   -1 -1  -1 -1  -1 -1  -1 -1
9:4:1:u   -1 -1  -1 -1  -1 -1  -1 -1
10:1:0:u  19 21  16 18  16 18  16 18
10:2:0:u  19 21  16 18  16 18  -1 -1
10:3:0:u  19 21  16 18  -1 -1  -1 -1
10:4:0:u  19 21  -1 -1  -1 -1  -1 -1
10:1:1:u  -1 -1  -1 -1  -1 -1  -1 -1
10:2:1:u  -1 -1  -1 -1  -1 -1  -1 -1
10:3:1:u  -1 -1  -1 -1  -1 -1  -1 -1
10:4:1:u  -1 -1  -1 -1  -1 -1  -1 -1
11:1:0:u  19 21  16 19  16 19  16 19
11:2:0:u  19 21  16 19  16 19  -1 -1
11:3:0:u  19 21  16 19  -1 -1  -1 -1
11:4:0:u  19 21  -1 -1  -1 -1  -1 -1
11:1:1:u  -1 -1  -1 -1  -1 -1  -1 -1
11:2:1:u  -1 -1  -1 -1  -1 -1  -1 -1
11:3:1:u  -1 -1  -1 -1  -1 -1  -1 -1
11:4:1:u  -1 -1  -1 -1  -1 -1  -1 -1
12:1:0:u  -1 -1  -1 -1  -1 -1  -1 -1
12:2:0:u  -1 -1  -1 -1  -1 -1  -1 -1
12:3:0:u  -1 -1  -1 -1  -1 -1  -1 -1
12:4:0:u  -1 -1  -1 -1  -1 -1  -1 -1
12:1:1:u  -1 -1  -1 -1  -1 -1  -1 -1
12:2:1:u  -1 -1  -1 -1  -1 -1  -1 -1
12:3:1:u  -1 -1  -1 -1  -1 -1  -1 -1
12:4:1:u  -1 -1  -1 -1  -1 -1  -1 -1
13:1:0:u  -1 -1  -1 -1  -1 -1  -1 -1
13:2:0:u  -1 -1  -1 -1  -1 -1  -1 -1
13:3:0:u  -1 -1  -1 -1  -1 -1  -1 -1
13:4:0:u  -1 -1  -1 -1  -1 -1  -1 -1
13:1:1:u  -1 -1  -1 -1  -1 -1  -1 -1
13:2:1:u  -1 -1  -1 -1  -1 -1  -1 -1
13:3:1:u  -1 -1  -1 -1  -1 -1  -1 -1
13:4:1:u  -1 -1  -1 -1  -1 -1  -1 -1

#===11b===
*band 0 us b
#       4-c 3-c 2-c 1-c
#c:s:b | 20| 20| 20| 20
#-------------------------
1:1:0   22  22  22  22
2:1:0   22  22  22  22
3:1:0   22  22  22  22
4:1:0   22  22  22  22
5:1:0   22  22  22  22
6:1:0   25  25  25  25
7:1:0   23  23  23  23
8:1:0   23  23  23  23
9:1:0   23  23  23  23
10:1:0  23  23  23  23
11:1:0  23  23  23  23
12:1:0  -1  -1  -1  -1
13:1:0  -1  -1  -1  -1
