*band 1 gt
36 15 15 15 -1 -1 -1 -1 -1 -1 -1 -1 -1
36 15 15 15 -1 -1 -1 -1 -1 -1 -1 -1 -1
36 15 15 15 -1 -1 -1 -1 -1 -1 -1 -1 -1
36 15 15 15 -1 -1 -1 -1 -1 -1 -1 -1 -1
36 13 13 13 -1 -1 -1 -1 -1 -1 -1 -1 -1
36 15 15 15 -1 -1 -1 -1 -1 -1 -1 -1 -1
36 15 15 15 -1 -1 -1 -1 -1 -1 -1 -1 -1
36 15 15 15 -1 -1 -1 -1 -1 -1 -1 -1 -1
40 15 15 15 -1 -1 -1 -1 -1 -1 -1 -1 -1
40 15 15 15 -1 -1 -1 -1 -1 -1 -1 -1 -1
40 15 15 15 -1 -1 -1 -1 -1 -1 -1 -1 -1
40 15 15 15 -1 -1 -1 -1 -1 -1 -1 -1 -1
40 13 13 13 -1 -1 -1 -1 -1 -1 -1 -1 -1
40 15 15 15 -1 -1 -1 -1 -1 -1 -1 -1 -1
40 15 15 15 -1 -1 -1 -1 -1 -1 -1 -1 -1
40 15 15 15 -1 -1 -1 -1 -1 -1 -1 -1 -1
44 15 15 15 -1 -1 -1 -1 -1 -1 -1 -1 -1
44 15 15 15 -1 -1 -1 -1 -1 -1 -1 -1 -1
44 15 15 15 -1 -1 -1 -1 -1 -1 -1 -1 -1
44 15 15 15 -1 -1 -1 -1 -1 -1 -1 -1 -1
44 13 13 13 -1 -1 -1 -1 -1 -1 -1 -1 -1
44 15 15 15 -1 -1 -1 -1 -1 -1 -1 -1 -1
44 15 15 15 -1 -1 -1 -1 -1 -1 -1 -1 -1
44 15 15 15 -1 -1 -1 -1 -1 -1 -1 -1 -1
48 15 15 15 -1 -1 -1 -1 -1 -1 -1 -1 -1
48 15 15 15 -1 -1 -1 -1 -1 -1 -1 -1 -1
48 15 15 15 -1 -1 -1 -1 -1 -1 -1 -1 -1
48 15 15 15 -1 -1 -1 -1 -1 -1 -1 -1 -1
48 13 13 13 -1 -1 -1 -1 -1 -1 -1 -1 -1
48 15 15 15 -1 -1 -1 -1 -1 -1 -1 -1 -1
48 15 15 15 -1 -1 -1 -1 -1 -1 -1 -1 -1
48 15 15 15 -1 -1 -1 -1 -1 -1 -1 -1 -1
*band 2 gt
52 15 15 15 -1 -1 -1 -1 -1 -1 -1 -1 -1
52 15 15 15 -1 -1 -1 -1 -1 -1 -1 -1 -1
52 15 15 15 -1 -1 -1 -1 -1 -1 -1 -1 -1
52 15 15 15 -1 -1 -1 -1 -1 -1 -1 -1 -1
52 13 13 13 -1 -1 -1 -1 -1 -1 -1 -1 -1
52 15 15 15 -1 -1 -1 -1 -1 -1 -1 -1 -1
52 15 15 15 -1 -1 -1 -1 -1 -1 -1 -1 -1
52 15 15 15 -1 -1 -1 -1 -1 -1 -1 -1 -1
56 15 15 15 -1 -1 -1 -1 -1 -1 -1 -1 -1
56 15 15 15 -1 -1 -1 -1 -1 -1 -1 -1 -1
56 15 15 15 -1 -1 -1 -1 -1 -1 -1 -1 -1
56 15 15 15 -1 -1 -1 -1 -1 -1 -1 -1 -1
56 13 13 13 -1 -1 -1 -1 -1 -1 -1 -1 -1
56 15 15 15 -1 -1 -1 -1 -1 -1 -1 -1 -1
56 15 15 15 -1 -1 -1 -1 -1 -1 -1 -1 -1
56 15 15 15 -1 -1 -1 -1 -1 -1 -1 -1 -1
60 15 15 15 -1 -1 -1 -1 -1 -1 -1 -1 -1
60 15 15 15 -1 -1 -1 -1 -1 -1 -1 -1 -1
60 15 15 15 -1 -1 -1 -1 -1 -1 -1 -1 -1
60 15 15 15 -1 -1 -1 -1 -1 -1 -1 -1 -1
60 13 13 13 -1 -1 -1 -1 -1 -1 -1 -1 -1
60 15 15 15 -1 -1 -1 -1 -1 -1 -1 -1 -1
60 15 15 15 -1 -1 -1 -1 -1 -1 -1 -1 -1
60 15 15 15 -1 -1 -1 -1 -1 -1 -1 -1 -1
64 15 15 15 -1 -1 -1 -1 -1 -1 -1 -1 -1
64 15 15 15 -1 -1 -1 -1 -1 -1 -1 -1 -1
64 15 15 15 -1 -1 -1 -1 -1 -1 -1 -1 -1
64 15 15 15 -1 -1 -1 -1 -1 -1 -1 -1 -1
64 13 13 13 -1 -1 -1 -1 -1 -1 -1 -1 -1
64 15 15 15 -1 -1 -1 -1 -1 -1 -1 -1 -1
64 15 15 15 -1 -1 -1 -1 -1 -1 -1 -1 -1
64 15 15 15 -1 -1 -1 -1 -1 -1 -1 -1 -1
*band 3 gt
100 22 22 22 -1 -1 -1 -1 -1 -1 -1 -1 -1
100 22 22 22 -1 -1 -1 -1 -1 -1 -1 -1 -1
100 22 22 22 -1 -1 -1 -1 -1 -1 -1 -1 -1
100 22 22 22 -1 -1 -1 -1 -1 -1 -1 -1 -1
100 20 20 20 -1 -1 -1 -1 -1 -1 -1 -1 -1
100 22 22 22 -1 -1 -1 -1 -1 -1 -1 -1 -1
100 22 22 22 -1 -1 -1 -1 -1 -1 -1 -1 -1
100 22 22 22 -1 -1 -1 -1 -1 -1 -1 -1 -1
104 22 22 22 -1 -1 -1 -1 -1 -1 -1 -1 -1
104 22 22 22 -1 -1 -1 -1 -1 -1 -1 -1 -1
104 22 22 22 -1 -1 -1 -1 -1 -1 -1 -1 -1
104 22 22 22 -1 -1 -1 -1 -1 -1 -1 -1 -1
104 20 20 20 -1 -1 -1 -1 -1 -1 -1 -1 -1
104 22 22 22 -1 -1 -1 -1 -1 -1 -1 -1 -1
104 22 22 22 -1 -1 -1 -1 -1 -1 -1 -1 -1
104 22 22 22 -1 -1 -1 -1 -1 -1 -1 -1 -1
108 22 22 22 -1 -1 -1 -1 -1 -1 -1 -1 -1
108 22 22 22 -1 -1 -1 -1 -1 -1 -1 -1 -1
108 22 22 22 -1 -1 -1 -1 -1 -1 -1 -1 -1
108 22 22 22 -1 -1 -1 -1 -1 -1 -1 -1 -1
108 20 20 20 -1 -1 -1 -1 -1 -1 -1 -1 -1
108 22 22 22 -1 -1 -1 -1 -1 -1 -1 -1 -1
108 22 22 22 -1 -1 -1 -1 -1 -1 -1 -1 -1
108 22 22 22 -1 -1 -1 -1 -1 -1 -1 -1 -1
112 22 22 22 -1 -1 -1 -1 -1 -1 -1 -1 -1
112 22 22 22 -1 -1 -1 -1 -1 -1 -1 -1 -1
112 22 22 22 -1 -1 -1 -1 -1 -1 -1 -1 -1
112 22 22 22 -1 -1 -1 -1 -1 -1 -1 -1 -1
112 20 20 20 -1 -1 -1 -1 -1 -1 -1 -1 -1
112 22 22 22 -1 -1 -1 -1 -1 -1 -1 -1 -1
112 22 22 22 -1 -1 -1 -1 -1 -1 -1 -1 -1
112 22 22 22 -1 -1 -1 -1 -1 -1 -1 -1 -1
116 22 22 22 -1 -1 -1 -1 -1 -1 -1 -1 -1
116 22 22 22 -1 -1 -1 -1 -1 -1 -1 -1 -1
116 22 22 22 -1 -1 -1 -1 -1 -1 -1 -1 -1
116 22 22 22 -1 -1 -1 -1 -1 -1 -1 -1 -1
116 20 20 20 -1 -1 -1 -1 -1 -1 -1 -1 -1
116 22 22 22 -1 -1 -1 -1 -1 -1 -1 -1 -1
116 22 22 22 -1 -1 -1 -1 -1 -1 -1 -1 -1
116 22 22 22 -1 -1 -1 -1 -1 -1 -1 -1 -1
120 22 22 22 -1 -1 -1 -1 -1 -1 -1 -1 -1
120 22 22 22 -1 -1 -1 -1 -1 -1 -1 -1 -1
120 22 22 22 -1 -1 -1 -1 -1 -1 -1 -1 -1
120 22 22 22 -1 -1 -1 -1 -1 -1 -1 -1 -1
120 20 20 20 -1 -1 -1 -1 -1 -1 -1 -1 -1
120 22 22 22 -1 -1 -1 -1 -1 -1 -1 -1 -1
120 22 22 22 -1 -1 -1 -1 -1 -1 -1 -1 -1
120 22 22 22 -1 -1 -1 -1 -1 -1 -1 -1 -1
124 22 22 22 -1 -1 -1 -1 -1 -1 -1 -1 -1
124 22 22 22 -1 -1 -1 -1 -1 -1 -1 -1 -1
124 22 22 22 -1 -1 -1 -1 -1 -1 -1 -1 -1
124 22 22 22 -1 -1 -1 -1 -1 -1 -1 -1 -1
124 20 20 20 -1 -1 -1 -1 -1 -1 -1 -1 -1
124 22 22 22 -1 -1 -1 -1 -1 -1 -1 -1 -1
124 22 22 22 -1 -1 -1 -1 -1 -1 -1 -1 -1
124 22 22 22 -1 -1 -1 -1 -1 -1 -1 -1 -1
128 22 22 22 -1 -1 -1 -1 -1 -1 -1 -1 -1
128 22 22 22 -1 -1 -1 -1 -1 -1 -1 -1 -1
128 22 22 22 -1 -1 -1 -1 -1 -1 -1 -1 -1
128 22 22 22 -1 -1 -1 -1 -1 -1 -1 -1 -1
128 20 20 20 -1 -1 -1 -1 -1 -1 -1 -1 -1
128 22 22 22 -1 -1 -1 -1 -1 -1 -1 -1 -1
128 22 22 22 -1 -1 -1 -1 -1 -1 -1 -1 -1
128 22 22 22 -1 -1 -1 -1 -1 -1 -1 -1 -1
132 -1 22 22 -1 -1 -1 -1 -1 -1 -1 -1 -1
132 -1 22 22 -1 -1 -1 -1 -1 -1 -1 -1 -1
132 -1 22 22 -1 -1 -1 -1 -1 -1 -1 -1 -1
132 -1 22 22 -1 -1 -1 -1 -1 -1 -1 -1 -1
132 -1 20 20 -1 -1 -1 -1 -1 -1 -1 -1 -1
132 -1 22 22 -1 -1 -1 -1 -1 -1 -1 -1 -1
132 -1 22 22 -1 -1 -1 -1 -1 -1 -1 -1 -1
132 -1 22 22 -1 -1 -1 -1 -1 -1 -1 -1 -1
136 -1 22 22 -1 -1 -1 -1 -1 -1 -1 -1 -1
136 -1 22 22 -1 -1 -1 -1 -1 -1 -1 -1 -1
136 -1 22 22 -1 -1 -1 -1 -1 -1 -1 -1 -1
136 -1 22 22 -1 -1 -1 -1 -1 -1 -1 -1 -1
136 -1 20 20 -1 -1 -1 -1 -1 -1 -1 -1 -1
136 -1 22 22 -1 -1 -1 -1 -1 -1 -1 -1 -1
136 -1 22 22 -1 -1 -1 -1 -1 -1 -1 -1 -1
136 -1 22 22 -1 -1 -1 -1 -1 -1 -1 -1 -1
140 -1 -1 22 -1 -1 -1 -1 -1 -1 -1 -1 -1
140 -1 -1 22 -1 -1 -1 -1 -1 -1 -1 -1 -1
140 -1 -1 22 -1 -1 -1 -1 -1 -1 -1 -1 -1
140 -1 -1 22 -1 -1 -1 -1 -1 -1 -1 -1 -1
140 -1 -1 20 -1 -1 -1 -1 -1 -1 -1 -1 -1
140 -1 -1 22 -1 -1 -1 -1 -1 -1 -1 -1 -1
140 -1 -1 22 -1 -1 -1 -1 -1 -1 -1 -1 -1
140 -1 -1 22 -1 -1 -1 -1 -1 -1 -1 -1 -1
144 -1 -1 -1 -1 -1 -1 -1 -1 -1 -1 -1 -1
144 -1 -1 -1 -1 -1 -1 -1 -1 -1 -1 -1 -1
144 -1 -1 -1 -1 -1 -1 -1 -1 -1 -1 -1 -1
144 -1 -1 -1 -1 -1 -1 -1 -1 -1 -1 -1 -1
144 -1 -1 -1 -1 -1 -1 -1 -1 -1 -1 -1 -1
144 -1 -1 -1 -1 -1 -1 -1 -1 -1 -1 -1 -1
144 -1 -1 -1 -1 -1 -1 -1 -1 -1 -1 -1 -1
144 -1 -1 -1 -1 -1 -1 -1 -1 -1 -1 -1 -1
*band 4 gt
149 24 24 24 -1 -1 -1 -1 -1 -1 -1 -1 -1
149 24 24 24 -1 -1 -1 -1 -1 -1 -1 -1 -1
149 24 24 24 -1 -1 -1 -1 -1 -1 -1 -1 -1
149 24 24 24 -1 -1 -1 -1 -1 -1 -1 -1 -1
149 24 24 24 -1 -1 -1 -1 -1 -1 -1 -1 -1
149 24 24 24 -1 -1 -1 -1 -1 -1 -1 -1 -1
149 24 24 24 -1 -1 -1 -1 -1 -1 -1 -1 -1
149 24 24 24 -1 -1 -1 -1 -1 -1 -1 -1 -1
153 24 24 24 -1 -1 -1 -1 -1 -1 -1 -1 -1
153 24 24 24 -1 -1 -1 -1 -1 -1 -1 -1 -1
153 24 24 24 -1 -1 -1 -1 -1 -1 -1 -1 -1
153 24 24 24 -1 -1 -1 -1 -1 -1 -1 -1 -1
153 24 24 24 -1 -1 -1 -1 -1 -1 -1 -1 -1
153 24 24 24 -1 -1 -1 -1 -1 -1 -1 -1 -1
153 24 24 24 -1 -1 -1 -1 -1 -1 -1 -1 -1
153 24 24 24 -1 -1 -1 -1 -1 -1 -1 -1 -1
157 24 24 24 -1 -1 -1 -1 -1 -1 -1 -1 -1
157 24 24 24 -1 -1 -1 -1 -1 -1 -1 -1 -1
157 24 24 24 -1 -1 -1 -1 -1 -1 -1 -1 -1
157 24 24 24 -1 -1 -1 -1 -1 -1 -1 -1 -1
157 24 24 24 -1 -1 -1 -1 -1 -1 -1 -1 -1
157 24 24 24 -1 -1 -1 -1 -1 -1 -1 -1 -1
157 24 24 24 -1 -1 -1 -1 -1 -1 -1 -1 -1
157 24 24 24 -1 -1 -1 -1 -1 -1 -1 -1 -1
161 24 24 24 -1 -1 -1 -1 -1 -1 -1 -1 -1
161 24 24 24 -1 -1 -1 -1 -1 -1 -1 -1 -1
161 24 24 24 -1 -1 -1 -1 -1 -1 -1 -1 -1
161 24 24 24 -1 -1 -1 -1 -1 -1 -1 -1 -1
161 24 24 24 -1 -1 -1 -1 -1 -1 -1 -1 -1
161 24 24 24 -1 -1 -1 -1 -1 -1 -1 -1 -1
161 24 24 24 -1 -1 -1 -1 -1 -1 -1 -1 -1
161 24 24 24 -1 -1 -1 -1 -1 -1 -1 -1 -1
165 -1 -1 24 -1 -1 -1 -1 -1 -1 -1 -1 -1
165 -1 -1 24 -1 -1 -1 -1 -1 -1 -1 -1 -1
165 -1 -1 24 -1 -1 -1 -1 -1 -1 -1 -1 -1
165 -1 -1 24 -1 -1 -1 -1 -1 -1 -1 -1 -1
165 -1 -1 24 -1 -1 -1 -1 -1 -1 -1 -1 -1
165 -1 -1 24 -1 -1 -1 -1 -1 -1 -1 -1 -1
165 -1 -1 24 -1 -1 -1 -1 -1 -1 -1 -1 -1
165 -1 -1 24 -1 -1 -1 -1 -1 -1 -1 -1 -1
169 -1 -1 -1 -1 -1 -1 -1 -1 -1 -1 -1 -1
169 -1 -1 -1 -1 -1 -1 -1 -1 -1 -1 -1 -1
169 -1 -1 -1 -1 -1 -1 -1 -1 -1 -1 -1 -1
169 -1 -1 -1 -1 -1 -1 -1 -1 -1 -1 -1 -1
169 -1 -1 -1 -1 -1 -1 -1 -1 -1 -1 -1 -1
169 -1 -1 -1 -1 -1 -1 -1 -1 -1 -1 -1 -1
169 -1 -1 -1 -1 -1 -1 -1 -1 -1 -1 -1 -1
169 -1 -1 -1 -1 -1 -1 -1 -1 -1 -1 -1 -1
