*band 1 co
36 11 11 11 -1 -1 -1 -1 -1 -1 -1 -1 -1
36 11 11 11 -1 -1 -1 -1 -1 -1 -1 -1 -1
36 11 11 11 -1 -1 -1 -1 -1 -1 -1 -1 -1
36 11 11 11 -1 -1 -1 -1 -1 -1 -1 -1 -1
36 11 11 11 -1 -1 -1 -1 -1 -1 -1 -1 -1
36 11 11 11 -1 -1 -1 -1 -1 -1 -1 -1 -1
36 11 11 11 -1 -1 -1 -1 -1 -1 -1 -1 -1
36 11 11 11 -1 -1 -1 -1 -1 -1 -1 -1 -1
40 11 11 11 -1 -1 -1 -1 -1 -1 -1 -1 -1
40 11 11 11 -1 -1 -1 -1 -1 -1 -1 -1 -1
40 11 11 11 -1 -1 -1 -1 -1 -1 -1 -1 -1
40 11 11 11 -1 -1 -1 -1 -1 -1 -1 -1 -1
40 11 11 11 -1 -1 -1 -1 -1 -1 -1 -1 -1
40 11 11 11 -1 -1 -1 -1 -1 -1 -1 -1 -1
40 11 11 11 -1 -1 -1 -1 -1 -1 -1 -1 -1
40 11 11 11 -1 -1 -1 -1 -1 -1 -1 -1 -1
44 11 11 11 -1 -1 -1 -1 -1 -1 -1 -1 -1
44 11 11 11 -1 -1 -1 -1 -1 -1 -1 -1 -1
44 11 11 11 -1 -1 -1 -1 -1 -1 -1 -1 -1
44 11 11 11 -1 -1 -1 -1 -1 -1 -1 -1 -1
44 11 11 11 -1 -1 -1 -1 -1 -1 -1 -1 -1
44 11 11 11 -1 -1 -1 -1 -1 -1 -1 -1 -1
44 11 11 11 -1 -1 -1 -1 -1 -1 -1 -1 -1
44 11 11 11 -1 -1 -1 -1 -1 -1 -1 -1 -1
48 11 11 11 -1 -1 -1 -1 -1 -1 -1 -1 -1
48 11 11 11 -1 -1 -1 -1 -1 -1 -1 -1 -1
48 11 11 11 -1 -1 -1 -1 -1 -1 -1 -1 -1
48 11 11 11 -1 -1 -1 -1 -1 -1 -1 -1 -1
48 11 11 11 -1 -1 -1 -1 -1 -1 -1 -1 -1
48 11 11 11 -1 -1 -1 -1 -1 -1 -1 -1 -1
48 11 11 11 -1 -1 -1 -1 -1 -1 -1 -1 -1
48 11 11 11 -1 -1 -1 -1 -1 -1 -1 -1 -1
*band 2 co
52 18 18 18 -1 -1 -1 -1 -1 -1 -1 -1 -1
52 18 18 18 -1 -1 -1 -1 -1 -1 -1 -1 -1
52 18 18 18 -1 -1 -1 -1 -1 -1 -1 -1 -1
52 18 18 18 -1 -1 -1 -1 -1 -1 -1 -1 -1
52 18 18 18 -1 -1 -1 -1 -1 -1 -1 -1 -1
52 18 18 18 -1 -1 -1 -1 -1 -1 -1 -1 -1
52 18 18 18 -1 -1 -1 -1 -1 -1 -1 -1 -1
52 18 18 18 -1 -1 -1 -1 -1 -1 -1 -1 -1
56 18 18 18 -1 -1 -1 -1 -1 -1 -1 -1 -1
56 18 18 18 -1 -1 -1 -1 -1 -1 -1 -1 -1
56 18 18 18 -1 -1 -1 -1 -1 -1 -1 -1 -1
56 18 18 18 -1 -1 -1 -1 -1 -1 -1 -1 -1
56 18 18 18 -1 -1 -1 -1 -1 -1 -1 -1 -1
56 18 18 18 -1 -1 -1 -1 -1 -1 -1 -1 -1
56 18 18 18 -1 -1 -1 -1 -1 -1 -1 -1 -1
56 18 18 18 -1 -1 -1 -1 -1 -1 -1 -1 -1
60 18 18 18 -1 -1 -1 -1 -1 -1 -1 -1 -1
60 18 18 18 -1 -1 -1 -1 -1 -1 -1 -1 -1
60 18 18 18 -1 -1 -1 -1 -1 -1 -1 -1 -1
60 18 18 18 -1 -1 -1 -1 -1 -1 -1 -1 -1
60 18 18 18 -1 -1 -1 -1 -1 -1 -1 -1 -1
60 18 18 18 -1 -1 -1 -1 -1 -1 -1 -1 -1
60 18 18 18 -1 -1 -1 -1 -1 -1 -1 -1 -1
60 18 18 18 -1 -1 -1 -1 -1 -1 -1 -1 -1
64 18 18 18 -1 -1 -1 -1 -1 -1 -1 -1 -1
64 18 18 18 -1 -1 -1 -1 -1 -1 -1 -1 -1
64 18 18 18 -1 -1 -1 -1 -1 -1 -1 -1 -1
64 18 18 18 -1 -1 -1 -1 -1 -1 -1 -1 -1
64 18 18 18 -1 -1 -1 -1 -1 -1 -1 -1 -1
64 18 18 18 -1 -1 -1 -1 -1 -1 -1 -1 -1
64 18 18 18 -1 -1 -1 -1 -1 -1 -1 -1 -1
64 18 18 18 -1 -1 -1 -1 -1 -1 -1 -1 -1
*band 3 co
100 18 18 18 -1 -1 -1 -1 -1 -1 -1 -1 -1
100 18 18 18 -1 -1 -1 -1 -1 -1 -1 -1 -1
100 18 18 18 -1 -1 -1 -1 -1 -1 -1 -1 -1
100 18 18 18 -1 -1 -1 -1 -1 -1 -1 -1 -1
100 18 18 18 -1 -1 -1 -1 -1 -1 -1 -1 -1
100 18 18 18 -1 -1 -1 -1 -1 -1 -1 -1 -1
100 18 18 18 -1 -1 -1 -1 -1 -1 -1 -1 -1
100 18 18 18 -1 -1 -1 -1 -1 -1 -1 -1 -1
104 18 18 18 -1 -1 -1 -1 -1 -1 -1 -1 -1
104 18 18 18 -1 -1 -1 -1 -1 -1 -1 -1 -1
104 18 18 18 -1 -1 -1 -1 -1 -1 -1 -1 -1
104 18 18 18 -1 -1 -1 -1 -1 -1 -1 -1 -1
104 18 18 18 -1 -1 -1 -1 -1 -1 -1 -1 -1
104 18 18 18 -1 -1 -1 -1 -1 -1 -1 -1 -1
104 18 18 18 -1 -1 -1 -1 -1 -1 -1 -1 -1
104 18 18 18 -1 -1 -1 -1 -1 -1 -1 -1 -1
108 18 18 18 -1 -1 -1 -1 -1 -1 -1 -1 -1
108 18 18 18 -1 -1 -1 -1 -1 -1 -1 -1 -1
108 18 18 18 -1 -1 -1 -1 -1 -1 -1 -1 -1
108 18 18 18 -1 -1 -1 -1 -1 -1 -1 -1 -1
108 18 18 18 -1 -1 -1 -1 -1 -1 -1 -1 -1
108 18 18 18 -1 -1 -1 -1 -1 -1 -1 -1 -1
108 18 18 18 -1 -1 -1 -1 -1 -1 -1 -1 -1
108 18 18 18 -1 -1 -1 -1 -1 -1 -1 -1 -1
112 18 18 18 -1 -1 -1 -1 -1 -1 -1 -1 -1
112 18 18 18 -1 -1 -1 -1 -1 -1 -1 -1 -1
112 18 18 18 -1 -1 -1 -1 -1 -1 -1 -1 -1
112 18 18 18 -1 -1 -1 -1 -1 -1 -1 -1 -1
112 18 18 18 -1 -1 -1 -1 -1 -1 -1 -1 -1
112 18 18 18 -1 -1 -1 -1 -1 -1 -1 -1 -1
112 18 18 18 -1 -1 -1 -1 -1 -1 -1 -1 -1
112 18 18 18 -1 -1 -1 -1 -1 -1 -1 -1 -1
116 18 18 18 -1 -1 -1 -1 -1 -1 -1 -1 -1
116 18 18 18 -1 -1 -1 -1 -1 -1 -1 -1 -1
116 18 18 18 -1 -1 -1 -1 -1 -1 -1 -1 -1
116 18 18 18 -1 -1 -1 -1 -1 -1 -1 -1 -1
116 18 18 18 -1 -1 -1 -1 -1 -1 -1 -1 -1
116 18 18 18 -1 -1 -1 -1 -1 -1 -1 -1 -1
116 18 18 18 -1 -1 -1 -1 -1 -1 -1 -1 -1
116 18 18 18 -1 -1 -1 -1 -1 -1 -1 -1 -1
120 18 18 18 -1 -1 -1 -1 -1 -1 -1 -1 -1
120 18 18 18 -1 -1 -1 -1 -1 -1 -1 -1 -1
120 18 18 18 -1 -1 -1 -1 -1 -1 -1 -1 -1
120 18 18 18 -1 -1 -1 -1 -1 -1 -1 -1 -1
120 18 18 18 -1 -1 -1 -1 -1 -1 -1 -1 -1
120 18 18 18 -1 -1 -1 -1 -1 -1 -1 -1 -1
120 18 18 18 -1 -1 -1 -1 -1 -1 -1 -1 -1
120 18 18 18 -1 -1 -1 -1 -1 -1 -1 -1 -1
124 18 18 18 -1 -1 -1 -1 -1 -1 -1 -1 -1
124 18 18 18 -1 -1 -1 -1 -1 -1 -1 -1 -1
124 18 18 18 -1 -1 -1 -1 -1 -1 -1 -1 -1
124 18 18 18 -1 -1 -1 -1 -1 -1 -1 -1 -1
124 18 18 18 -1 -1 -1 -1 -1 -1 -1 -1 -1
124 18 18 18 -1 -1 -1 -1 -1 -1 -1 -1 -1
124 18 18 18 -1 -1 -1 -1 -1 -1 -1 -1 -1
124 18 18 18 -1 -1 -1 -1 -1 -1 -1 -1 -1
128 18 18 18 -1 -1 -1 -1 -1 -1 -1 -1 -1
128 18 18 18 -1 -1 -1 -1 -1 -1 -1 -1 -1
128 18 18 18 -1 -1 -1 -1 -1 -1 -1 -1 -1
128 18 18 18 -1 -1 -1 -1 -1 -1 -1 -1 -1
128 18 18 18 -1 -1 -1 -1 -1 -1 -1 -1 -1
128 18 18 18 -1 -1 -1 -1 -1 -1 -1 -1 -1
128 18 18 18 -1 -1 -1 -1 -1 -1 -1 -1 -1
128 18 18 18 -1 -1 -1 -1 -1 -1 -1 -1 -1
132 -1 18 18 -1 -1 -1 -1 -1 -1 -1 -1 -1
132 -1 18 18 -1 -1 -1 -1 -1 -1 -1 -1 -1
132 -1 18 18 -1 -1 -1 -1 -1 -1 -1 -1 -1
132 -1 18 18 -1 -1 -1 -1 -1 -1 -1 -1 -1
132 -1 18 18 -1 -1 -1 -1 -1 -1 -1 -1 -1
132 -1 18 18 -1 -1 -1 -1 -1 -1 -1 -1 -1
132 -1 18 18 -1 -1 -1 -1 -1 -1 -1 -1 -1
132 -1 18 18 -1 -1 -1 -1 -1 -1 -1 -1 -1
136 -1 18 18 -1 -1 -1 -1 -1 -1 -1 -1 -1
136 -1 18 18 -1 -1 -1 -1 -1 -1 -1 -1 -1
136 -1 18 18 -1 -1 -1 -1 -1 -1 -1 -1 -1
136 -1 18 18 -1 -1 -1 -1 -1 -1 -1 -1 -1
136 -1 18 18 -1 -1 -1 -1 -1 -1 -1 -1 -1
136 -1 18 18 -1 -1 -1 -1 -1 -1 -1 -1 -1
136 -1 18 18 -1 -1 -1 -1 -1 -1 -1 -1 -1
136 -1 18 18 -1 -1 -1 -1 -1 -1 -1 -1 -1
140 -1 -1 18 -1 -1 -1 -1 -1 -1 -1 -1 -1
140 -1 -1 18 -1 -1 -1 -1 -1 -1 -1 -1 -1
140 -1 -1 18 -1 -1 -1 -1 -1 -1 -1 -1 -1
140 -1 -1 18 -1 -1 -1 -1 -1 -1 -1 -1 -1
140 -1 -1 18 -1 -1 -1 -1 -1 -1 -1 -1 -1
140 -1 -1 18 -1 -1 -1 -1 -1 -1 -1 -1 -1
140 -1 -1 18 -1 -1 -1 -1 -1 -1 -1 -1 -1
140 -1 -1 18 -1 -1 -1 -1 -1 -1 -1 -1 -1
144 -1 -1 -1 -1 -1 -1 -1 -1 -1 -1 -1 -1
144 -1 -1 -1 -1 -1 -1 -1 -1 -1 -1 -1 -1
144 -1 -1 -1 -1 -1 -1 -1 -1 -1 -1 -1 -1
144 -1 -1 -1 -1 -1 -1 -1 -1 -1 -1 -1 -1
144 -1 -1 -1 -1 -1 -1 -1 -1 -1 -1 -1 -1
144 -1 -1 -1 -1 -1 -1 -1 -1 -1 -1 -1 -1
144 -1 -1 -1 -1 -1 -1 -1 -1 -1 -1 -1 -1
144 -1 -1 -1 -1 -1 -1 -1 -1 -1 -1 -1 -1
*band 4 co
149 24 24 24 -1 -1 -1 -1 -1 -1 -1 -1 -1
149 24 24 24 -1 -1 -1 -1 -1 -1 -1 -1 -1
149 24 24 24 -1 -1 -1 -1 -1 -1 -1 -1 -1
149 24 24 24 -1 -1 -1 -1 -1 -1 -1 -1 -1
149 24 24 24 -1 -1 -1 -1 -1 -1 -1 -1 -1
149 24 24 24 -1 -1 -1 -1 -1 -1 -1 -1 -1
149 24 24 24 -1 -1 -1 -1 -1 -1 -1 -1 -1
149 24 24 24 -1 -1 -1 -1 -1 -1 -1 -1 -1
153 24 24 24 -1 -1 -1 -1 -1 -1 -1 -1 -1
153 24 24 24 -1 -1 -1 -1 -1 -1 -1 -1 -1
153 24 24 24 -1 -1 -1 -1 -1 -1 -1 -1 -1
153 24 24 24 -1 -1 -1 -1 -1 -1 -1 -1 -1
153 24 24 24 -1 -1 -1 -1 -1 -1 -1 -1 -1
153 24 24 24 -1 -1 -1 -1 -1 -1 -1 -1 -1
153 24 24 24 -1 -1 -1 -1 -1 -1 -1 -1 -1
153 24 24 24 -1 -1 -1 -1 -1 -1 -1 -1 -1
157 24 24 24 -1 -1 -1 -1 -1 -1 -1 -1 -1
157 24 24 24 -1 -1 -1 -1 -1 -1 -1 -1 -1
157 24 24 24 -1 -1 -1 -1 -1 -1 -1 -1 -1
157 24 24 24 -1 -1 -1 -1 -1 -1 -1 -1 -1
157 24 24 24 -1 -1 -1 -1 -1 -1 -1 -1 -1
157 24 24 24 -1 -1 -1 -1 -1 -1 -1 -1 -1
157 24 24 24 -1 -1 -1 -1 -1 -1 -1 -1 -1
157 24 24 24 -1 -1 -1 -1 -1 -1 -1 -1 -1
161 24 24 24 -1 -1 -1 -1 -1 -1 -1 -1 -1
161 24 24 24 -1 -1 -1 -1 -1 -1 -1 -1 -1
161 24 24 24 -1 -1 -1 -1 -1 -1 -1 -1 -1
161 24 24 24 -1 -1 -1 -1 -1 -1 -1 -1 -1
161 24 24 24 -1 -1 -1 -1 -1 -1 -1 -1 -1
161 24 24 24 -1 -1 -1 -1 -1 -1 -1 -1 -1
161 24 24 24 -1 -1 -1 -1 -1 -1 -1 -1 -1
161 24 24 24 -1 -1 -1 -1 -1 -1 -1 -1 -1
165 -1 -1 24 -1 -1 -1 -1 -1 -1 -1 -1 -1
165 -1 -1 24 -1 -1 -1 -1 -1 -1 -1 -1 -1
165 -1 -1 24 -1 -1 -1 -1 -1 -1 -1 -1 -1
165 -1 -1 24 -1 -1 -1 -1 -1 -1 -1 -1 -1
165 -1 -1 24 -1 -1 -1 -1 -1 -1 -1 -1 -1
165 -1 -1 24 -1 -1 -1 -1 -1 -1 -1 -1 -1
165 -1 -1 24 -1 -1 -1 -1 -1 -1 -1 -1 -1
165 -1 -1 24 -1 -1 -1 -1 -1 -1 -1 -1 -1
169 -1 -1 -1 -1 -1 -1 -1 -1 -1 -1 -1 -1
169 -1 -1 -1 -1 -1 -1 -1 -1 -1 -1 -1 -1
169 -1 -1 -1 -1 -1 -1 -1 -1 -1 -1 -1 -1
169 -1 -1 -1 -1 -1 -1 -1 -1 -1 -1 -1 -1
169 -1 -1 -1 -1 -1 -1 -1 -1 -1 -1 -1 -1
169 -1 -1 -1 -1 -1 -1 -1 -1 -1 -1 -1 -1
169 -1 -1 -1 -1 -1 -1 -1 -1 -1 -1 -1 -1
169 -1 -1 -1 -1 -1 -1 -1 -1 -1 -1 -1 -1
