*band 1 dt eu
36 17 17 17 18 18 18 20 20 20 23 23 23
36 17 17 17 18 18 18 20 20 20 -1 -1 -1
36 17 17 17 18 18 18 -1 -1 -1 -1 -1 -1
36 17 17 17 -1 -1 -1 -1 -1 -1 -1 -1 -1
36 17 17 17 18 18 18 20 20 20 23 23 23
36 17 17 17 18 18 18 20 20 20 -1 -1 -1
36 17 17 17 18 18 18 -1 -1 -1 -1 -1 -1
36 17 17 17 -1 -1 -1 -1 -1 -1 -1 -1 -1
40 17 17 17 18 18 18 20 20 20 23 23 23
40 17 17 17 18 18 18 20 20 20 -1 -1 -1
40 17 17 17 18 18 18 -1 -1 -1 -1 -1 -1
40 17 17 17 -1 -1 -1 -1 -1 -1 -1 -1 -1
40 17 17 17 18 18 18 20 20 20 23 23 23
40 17 17 17 18 18 18 20 20 20 -1 -1 -1
40 17 17 17 18 18 18 -1 -1 -1 -1 -1 -1
40 17 17 17 -1 -1 -1 -1 -1 -1 -1 -1 -1
44 17 17 17 18 18 18 20 20 20 23 23 23
44 17 17 17 18 18 18 20 20 20 -1 -1 -1
44 17 17 17 18 18 18 -1 -1 -1 -1 -1 -1
44 17 17 17 -1 -1 -1 -1 -1 -1 -1 -1 -1
44 17 17 17 18 18 18 20 20 20 23 23 23
44 17 17 17 18 18 18 20 20 20 -1 -1 -1
44 17 17 17 18 18 18 -1 -1 -1 -1 -1 -1
44 17 17 17 -1 -1 -1 -1 -1 -1 -1 -1 -1
48 17 17 17 18 18 18 20 20 20 23 23 23
48 17 17 17 18 18 18 20 20 20 -1 -1 -1
48 17 17 17 18 18 18 -1 -1 -1 -1 -1 -1
48 17 17 17 -1 -1 -1 -1 -1 -1 -1 -1 -1
48 17 17 17 18 18 18 20 20 20 23 23 23
48 17 17 17 18 18 18 20 20 20 -1 -1 -1
48 17 17 17 18 18 18 -1 -1 -1 -1 -1 -1
48 17 17 17 -1 -1 -1 -1 -1 -1 -1 -1 -1
*band 2 dt eu
52 17 17 17 18 18 18 20 20 20 23 23 23
52 17 17 17 18 18 18 20 20 20 -1 -1 -1
52 17 17 17 18 18 18 -1 -1 -1 -1 -1 -1
52 17 17 17 -1 -1 -1 -1 -1 -1 -1 -1 -1
52 17 17 17 18 18 18 20 20 20 23 23 23
52 17 17 17 18 18 18 20 20 20 -1 -1 -1
52 17 17 17 18 18 18 -1 -1 -1 -1 -1 -1
52 17 17 17 -1 -1 -1 -1 -1 -1 -1 -1 -1
56 17 17 17 18 18 18 20 20 20 23 23 23
56 17 17 17 18 18 18 20 20 20 -1 -1 -1
56 17 17 17 18 18 18 -1 -1 -1 -1 -1 -1
56 17 17 17 -1 -1 -1 -1 -1 -1 -1 -1 -1
56 17 17 17 18 18 18 20 20 20 23 23 23
56 17 17 17 18 18 18 20 20 20 -1 -1 -1
56 17 17 17 18 18 18 -1 -1 -1 -1 -1 -1
56 17 17 17 -1 -1 -1 -1 -1 -1 -1 -1 -1
60 17 17 17 18 18 18 20 20 20 23 23 23
60 17 17 17 18 18 18 20 20 20 -1 -1 -1
60 17 17 17 18 18 18 -1 -1 -1 -1 -1 -1
60 17 17 17 -1 -1 -1 -1 -1 -1 -1 -1 -1
60 17 17 17 18 18 18 20 20 20 23 23 23
60 17 17 17 18 18 18 20 20 20 -1 -1 -1
60 17 17 17 18 18 18 -1 -1 -1 -1 -1 -1
60 17 17 17 -1 -1 -1 -1 -1 -1 -1 -1 -1
64 17 17 17 18 18 18 20 20 20 23 23 23
64 17 17 17 18 18 18 20 20 20 -1 -1 -1
64 17 17 17 18 18 18 -1 -1 -1 -1 -1 -1
64 17 17 17 -1 -1 -1 -1 -1 -1 -1 -1 -1
64 17 17 17 18 18 18 20 20 20 23 23 23
64 17 17 17 18 18 18 20 20 20 -1 -1 -1
64 17 17 17 18 18 18 -1 -1 -1 -1 -1 -1
64 17 17 17 -1 -1 -1 -1 -1 -1 -1 -1 -1
*band 4 ru
149 17 17 17 18 18 18 20 20 20 23 23 23
149 17 17 17 18 18 18 20 20 20 -1 -1 -1
149 17 17 17 18 18 18 -1 -1 -1 -1 -1 -1
149 17 17 17 -1 -1 -1 -1 -1 -1 -1 -1 -1
149 17 17 17 18 18 18 20 20 20 23 23 23
149 17 17 17 18 18 18 20 20 20 -1 -1 -1
149 17 17 17 18 18 18 -1 -1 -1 -1 -1 -1
149 17 17 17 -1 -1 -1 -1 -1 -1 -1 -1 -1
153 17 17 17 18 18 18 20 20 20 23 23 23
153 17 17 17 18 18 18 20 20 20 -1 -1 -1
153 17 17 17 18 18 18 -1 -1 -1 -1 -1 -1
153 17 17 17 -1 -1 -1 -1 -1 -1 -1 -1 -1
153 17 17 17 18 18 18 20 20 20 23 23 23
153 17 17 17 18 18 18 20 20 20 -1 -1 -1
153 17 17 17 18 18 18 -1 -1 -1 -1 -1 -1
153 17 17 17 -1 -1 -1 -1 -1 -1 -1 -1 -1
157 17 17 17 18 18 18 20 20 20 23 23 23
157 17 17 17 18 18 18 20 20 20 -1 -1 -1
157 17 17 17 18 18 18 -1 -1 -1 -1 -1 -1
157 17 17 17 -1 -1 -1 -1 -1 -1 -1 -1 -1
157 17 17 17 18 18 18 20 20 20 23 23 23
157 17 17 17 18 18 18 20 20 20 -1 -1 -1
157 17 17 17 18 18 18 -1 -1 -1 -1 -1 -1
157 17 17 17 -1 -1 -1 -1 -1 -1 -1 -1 -1
161 17 17 17 18 18 18 20 20 20 23 23 23
161 17 17 17 18 18 18 20 20 20 -1 -1 -1
161 17 17 17 18 18 18 -1 -1 -1 -1 -1 -1
161 17 17 17 -1 -1 -1 -1 -1 -1 -1 -1 -1
161 17 17 17 18 18 18 20 20 20 23 23 23
161 17 17 17 18 18 18 20 20 20 -1 -1 -1
161 17 17 17 18 18 18 -1 -1 -1 -1 -1 -1
161 17 17 17 -1 -1 -1 -1 -1 -1 -1 -1 -1
