*band 1 bo
36 -1 -1 -1 -1 -1 -1 -1 -1 -1 -1 -1 -1
36 -1 -1 -1 -1 -1 -1 -1 -1 -1 -1 -1 -1
36 -1 -1 -1 -1 -1 -1 -1 -1 -1 -1 -1 -1
36 -1 -1 -1 -1 -1 -1 -1 -1 -1 -1 -1 -1
36 -1 -1 -1 -1 -1 -1 -1 -1 -1 -1 -1 -1
36 -1 -1 -1 -1 -1 -1 -1 -1 -1 -1 -1 -1
36 -1 -1 -1 -1 -1 -1 -1 -1 -1 -1 -1 -1
36 -1 -1 -1 -1 -1 -1 -1 -1 -1 -1 -1 -1
40 -1 -1 -1 -1 -1 -1 -1 -1 -1 -1 -1 -1
40 -1 -1 -1 -1 -1 -1 -1 -1 -1 -1 -1 -1
40 -1 -1 -1 -1 -1 -1 -1 -1 -1 -1 -1 -1
40 -1 -1 -1 -1 -1 -1 -1 -1 -1 -1 -1 -1
40 -1 -1 -1 -1 -1 -1 -1 -1 -1 -1 -1 -1
40 -1 -1 -1 -1 -1 -1 -1 -1 -1 -1 -1 -1
40 -1 -1 -1 -1 -1 -1 -1 -1 -1 -1 -1 -1
40 -1 -1 -1 -1 -1 -1 -1 -1 -1 -1 -1 -1
44 -1 -1 -1 -1 -1 -1 -1 -1 -1 -1 -1 -1
44 -1 -1 -1 -1 -1 -1 -1 -1 -1 -1 -1 -1
44 -1 -1 -1 -1 -1 -1 -1 -1 -1 -1 -1 -1
44 -1 -1 -1 -1 -1 -1 -1 -1 -1 -1 -1 -1
44 -1 -1 -1 -1 -1 -1 -1 -1 -1 -1 -1 -1
44 -1 -1 -1 -1 -1 -1 -1 -1 -1 -1 -1 -1
44 -1 -1 -1 -1 -1 -1 -1 -1 -1 -1 -1 -1
44 -1 -1 -1 -1 -1 -1 -1 -1 -1 -1 -1 -1
48 -1 -1 -1 -1 -1 -1 -1 -1 -1 -1 -1 -1
48 -1 -1 -1 -1 -1 -1 -1 -1 -1 -1 -1 -1
48 -1 -1 -1 -1 -1 -1 -1 -1 -1 -1 -1 -1
48 -1 -1 -1 -1 -1 -1 -1 -1 -1 -1 -1 -1
48 -1 -1 -1 -1 -1 -1 -1 -1 -1 -1 -1 -1
48 -1 -1 -1 -1 -1 -1 -1 -1 -1 -1 -1 -1
48 -1 -1 -1 -1 -1 -1 -1 -1 -1 -1 -1 -1
48 -1 -1 -1 -1 -1 -1 -1 -1 -1 -1 -1 -1
*band 2 bo
52 12 12 12 -1 -1 -1 -1 -1 -1 -1 -1 -1
52 12 12 12 -1 -1 -1 -1 -1 -1 -1 -1 -1
52 12 12 12 -1 -1 -1 -1 -1 -1 -1 -1 -1
52 12 12 12 -1 -1 -1 -1 -1 -1 -1 -1 -1
52 10 10 10 -1 -1 -1 -1 -1 -1 -1 -1 -1
52 12 12 12 -1 -1 -1 -1 -1 -1 -1 -1 -1
52 12 12 12 -1 -1 -1 -1 -1 -1 -1 -1 -1
52 12 12 12 -1 -1 -1 -1 -1 -1 -1 -1 -1
56 12 12 12 -1 -1 -1 -1 -1 -1 -1 -1 -1
56 12 12 12 -1 -1 -1 -1 -1 -1 -1 -1 -1
56 12 12 12 -1 -1 -1 -1 -1 -1 -1 -1 -1
56 12 12 12 -1 -1 -1 -1 -1 -1 -1 -1 -1
56 10 10 10 -1 -1 -1 -1 -1 -1 -1 -1 -1
56 12 12 12 -1 -1 -1 -1 -1 -1 -1 -1 -1
56 12 12 12 -1 -1 -1 -1 -1 -1 -1 -1 -1
56 12 12 12 -1 -1 -1 -1 -1 -1 -1 -1 -1
60 12 12 12 -1 -1 -1 -1 -1 -1 -1 -1 -1
60 12 12 12 -1 -1 -1 -1 -1 -1 -1 -1 -1
60 12 12 12 -1 -1 -1 -1 -1 -1 -1 -1 -1
60 12 12 12 -1 -1 -1 -1 -1 -1 -1 -1 -1
60 10 10 10 -1 -1 -1 -1 -1 -1 -1 -1 -1
60 12 12 12 -1 -1 -1 -1 -1 -1 -1 -1 -1
60 12 12 12 -1 -1 -1 -1 -1 -1 -1 -1 -1
60 12 12 12 -1 -1 -1 -1 -1 -1 -1 -1 -1
64 12 12 12 -1 -1 -1 -1 -1 -1 -1 -1 -1
64 12 12 12 -1 -1 -1 -1 -1 -1 -1 -1 -1
64 12 12 12 -1 -1 -1 -1 -1 -1 -1 -1 -1
64 12 12 12 -1 -1 -1 -1 -1 -1 -1 -1 -1
64 10 10 10 -1 -1 -1 -1 -1 -1 -1 -1 -1
64 12 12 12 -1 -1 -1 -1 -1 -1 -1 -1 -1
64 12 12 12 -1 -1 -1 -1 -1 -1 -1 -1 -1
64 12 12 12 -1 -1 -1 -1 -1 -1 -1 -1 -1
*band 3 bo
100 -1 -1 -1 -1 -1 -1 -1 -1 -1 -1 -1 -1
100 -1 -1 -1 -1 -1 -1 -1 -1 -1 -1 -1 -1
100 -1 -1 -1 -1 -1 -1 -1 -1 -1 -1 -1 -1
100 -1 -1 -1 -1 -1 -1 -1 -1 -1 -1 -1 -1
100 -1 -1 -1 -1 -1 -1 -1 -1 -1 -1 -1 -1
100 -1 -1 -1 -1 -1 -1 -1 -1 -1 -1 -1 -1
100 -1 -1 -1 -1 -1 -1 -1 -1 -1 -1 -1 -1
100 -1 -1 -1 -1 -1 -1 -1 -1 -1 -1 -1 -1
104 -1 -1 -1 -1 -1 -1 -1 -1 -1 -1 -1 -1
104 -1 -1 -1 -1 -1 -1 -1 -1 -1 -1 -1 -1
104 -1 -1 -1 -1 -1 -1 -1 -1 -1 -1 -1 -1
104 -1 -1 -1 -1 -1 -1 -1 -1 -1 -1 -1 -1
104 -1 -1 -1 -1 -1 -1 -1 -1 -1 -1 -1 -1
104 -1 -1 -1 -1 -1 -1 -1 -1 -1 -1 -1 -1
104 -1 -1 -1 -1 -1 -1 -1 -1 -1 -1 -1 -1
104 -1 -1 -1 -1 -1 -1 -1 -1 -1 -1 -1 -1
108 -1 -1 -1 -1 -1 -1 -1 -1 -1 -1 -1 -1
108 -1 -1 -1 -1 -1 -1 -1 -1 -1 -1 -1 -1
108 -1 -1 -1 -1 -1 -1 -1 -1 -1 -1 -1 -1
108 -1 -1 -1 -1 -1 -1 -1 -1 -1 -1 -1 -1
108 -1 -1 -1 -1 -1 -1 -1 -1 -1 -1 -1 -1
108 -1 -1 -1 -1 -1 -1 -1 -1 -1 -1 -1 -1
108 -1 -1 -1 -1 -1 -1 -1 -1 -1 -1 -1 -1
108 -1 -1 -1 -1 -1 -1 -1 -1 -1 -1 -1 -1
112 -1 -1 -1 -1 -1 -1 -1 -1 -1 -1 -1 -1
112 -1 -1 -1 -1 -1 -1 -1 -1 -1 -1 -1 -1
112 -1 -1 -1 -1 -1 -1 -1 -1 -1 -1 -1 -1
112 -1 -1 -1 -1 -1 -1 -1 -1 -1 -1 -1 -1
112 -1 -1 -1 -1 -1 -1 -1 -1 -1 -1 -1 -1
112 -1 -1 -1 -1 -1 -1 -1 -1 -1 -1 -1 -1
112 -1 -1 -1 -1 -1 -1 -1 -1 -1 -1 -1 -1
112 -1 -1 -1 -1 -1 -1 -1 -1 -1 -1 -1 -1
116 -1 -1 -1 -1 -1 -1 -1 -1 -1 -1 -1 -1
116 -1 -1 -1 -1 -1 -1 -1 -1 -1 -1 -1 -1
116 -1 -1 -1 -1 -1 -1 -1 -1 -1 -1 -1 -1
116 -1 -1 -1 -1 -1 -1 -1 -1 -1 -1 -1 -1
116 -1 -1 -1 -1 -1 -1 -1 -1 -1 -1 -1 -1
116 -1 -1 -1 -1 -1 -1 -1 -1 -1 -1 -1 -1
116 -1 -1 -1 -1 -1 -1 -1 -1 -1 -1 -1 -1
116 -1 -1 -1 -1 -1 -1 -1 -1 -1 -1 -1 -1
120 -1 -1 -1 -1 -1 -1 -1 -1 -1 -1 -1 -1
120 -1 -1 -1 -1 -1 -1 -1 -1 -1 -1 -1 -1
120 -1 -1 -1 -1 -1 -1 -1 -1 -1 -1 -1 -1
120 -1 -1 -1 -1 -1 -1 -1 -1 -1 -1 -1 -1
120 -1 -1 -1 -1 -1 -1 -1 -1 -1 -1 -1 -1
120 -1 -1 -1 -1 -1 -1 -1 -1 -1 -1 -1 -1
120 -1 -1 -1 -1 -1 -1 -1 -1 -1 -1 -1 -1
120 -1 -1 -1 -1 -1 -1 -1 -1 -1 -1 -1 -1
124 -1 -1 -1 -1 -1 -1 -1 -1 -1 -1 -1 -1
124 -1 -1 -1 -1 -1 -1 -1 -1 -1 -1 -1 -1
124 -1 -1 -1 -1 -1 -1 -1 -1 -1 -1 -1 -1
124 -1 -1 -1 -1 -1 -1 -1 -1 -1 -1 -1 -1
124 -1 -1 -1 -1 -1 -1 -1 -1 -1 -1 -1 -1
124 -1 -1 -1 -1 -1 -1 -1 -1 -1 -1 -1 -1
124 -1 -1 -1 -1 -1 -1 -1 -1 -1 -1 -1 -1
124 -1 -1 -1 -1 -1 -1 -1 -1 -1 -1 -1 -1
128 -1 -1 -1 -1 -1 -1 -1 -1 -1 -1 -1 -1
128 -1 -1 -1 -1 -1 -1 -1 -1 -1 -1 -1 -1
128 -1 -1 -1 -1 -1 -1 -1 -1 -1 -1 -1 -1
128 -1 -1 -1 -1 -1 -1 -1 -1 -1 -1 -1 -1
128 -1 -1 -1 -1 -1 -1 -1 -1 -1 -1 -1 -1
128 -1 -1 -1 -1 -1 -1 -1 -1 -1 -1 -1 -1
128 -1 -1 -1 -1 -1 -1 -1 -1 -1 -1 -1 -1
128 -1 -1 -1 -1 -1 -1 -1 -1 -1 -1 -1 -1
132 -1 -1 -1 -1 -1 -1 -1 -1 -1 -1 -1 -1
132 -1 -1 -1 -1 -1 -1 -1 -1 -1 -1 -1 -1
132 -1 -1 -1 -1 -1 -1 -1 -1 -1 -1 -1 -1
132 -1 -1 -1 -1 -1 -1 -1 -1 -1 -1 -1 -1
132 -1 -1 -1 -1 -1 -1 -1 -1 -1 -1 -1 -1
132 -1 -1 -1 -1 -1 -1 -1 -1 -1 -1 -1 -1
132 -1 -1 -1 -1 -1 -1 -1 -1 -1 -1 -1 -1
132 -1 -1 -1 -1 -1 -1 -1 -1 -1 -1 -1 -1
136 -1 -1 -1 -1 -1 -1 -1 -1 -1 -1 -1 -1
136 -1 -1 -1 -1 -1 -1 -1 -1 -1 -1 -1 -1
136 -1 -1 -1 -1 -1 -1 -1 -1 -1 -1 -1 -1
136 -1 -1 -1 -1 -1 -1 -1 -1 -1 -1 -1 -1
136 -1 -1 -1 -1 -1 -1 -1 -1 -1 -1 -1 -1
136 -1 -1 -1 -1 -1 -1 -1 -1 -1 -1 -1 -1
136 -1 -1 -1 -1 -1 -1 -1 -1 -1 -1 -1 -1
136 -1 -1 -1 -1 -1 -1 -1 -1 -1 -1 -1 -1
140 -1 -1 -1 -1 -1 -1 -1 -1 -1 -1 -1 -1
140 -1 -1 -1 -1 -1 -1 -1 -1 -1 -1 -1 -1
140 -1 -1 -1 -1 -1 -1 -1 -1 -1 -1 -1 -1
140 -1 -1 -1 -1 -1 -1 -1 -1 -1 -1 -1 -1
140 -1 -1 -1 -1 -1 -1 -1 -1 -1 -1 -1 -1
140 -1 -1 -1 -1 -1 -1 -1 -1 -1 -1 -1 -1
140 -1 -1 -1 -1 -1 -1 -1 -1 -1 -1 -1 -1
140 -1 -1 -1 -1 -1 -1 -1 -1 -1 -1 -1 -1
144 -1 -1 -1 -1 -1 -1 -1 -1 -1 -1 -1 -1
144 -1 -1 -1 -1 -1 -1 -1 -1 -1 -1 -1 -1
144 -1 -1 -1 -1 -1 -1 -1 -1 -1 -1 -1 -1
144 -1 -1 -1 -1 -1 -1 -1 -1 -1 -1 -1 -1
144 -1 -1 -1 -1 -1 -1 -1 -1 -1 -1 -1 -1
144 -1 -1 -1 -1 -1 -1 -1 -1 -1 -1 -1 -1
144 -1 -1 -1 -1 -1 -1 -1 -1 -1 -1 -1 -1
144 -1 -1 -1 -1 -1 -1 -1 -1 -1 -1 -1 -1
*band 4 bo
149 12 12 12 -1 -1 -1 -1 -1 -1 -1 -1 -1
149 12 12 12 -1 -1 -1 -1 -1 -1 -1 -1 -1
149 12 12 12 -1 -1 -1 -1 -1 -1 -1 -1 -1
149 12 12 12 -1 -1 -1 -1 -1 -1 -1 -1 -1
149 10 10 10 -1 -1 -1 -1 -1 -1 -1 -1 -1
149 12 12 12 -1 -1 -1 -1 -1 -1 -1 -1 -1
149 12 12 12 -1 -1 -1 -1 -1 -1 -1 -1 -1
149 12 12 12 -1 -1 -1 -1 -1 -1 -1 -1 -1
153 12 12 12 -1 -1 -1 -1 -1 -1 -1 -1 -1
153 12 12 12 -1 -1 -1 -1 -1 -1 -1 -1 -1
153 12 12 12 -1 -1 -1 -1 -1 -1 -1 -1 -1
153 12 12 12 -1 -1 -1 -1 -1 -1 -1 -1 -1
153 10 10 10 -1 -1 -1 -1 -1 -1 -1 -1 -1
153 12 12 12 -1 -1 -1 -1 -1 -1 -1 -1 -1
153 12 12 12 -1 -1 -1 -1 -1 -1 -1 -1 -1
153 12 12 12 -1 -1 -1 -1 -1 -1 -1 -1 -1
157 12 12 12 -1 -1 -1 -1 -1 -1 -1 -1 -1
157 12 12 12 -1 -1 -1 -1 -1 -1 -1 -1 -1
157 12 12 12 -1 -1 -1 -1 -1 -1 -1 -1 -1
157 12 12 12 -1 -1 -1 -1 -1 -1 -1 -1 -1
157 10 10 10 -1 -1 -1 -1 -1 -1 -1 -1 -1
157 12 12 12 -1 -1 -1 -1 -1 -1 -1 -1 -1
157 12 12 12 -1 -1 -1 -1 -1 -1 -1 -1 -1
157 12 12 12 -1 -1 -1 -1 -1 -1 -1 -1 -1
161 12 12 12 -1 -1 -1 -1 -1 -1 -1 -1 -1
161 12 12 12 -1 -1 -1 -1 -1 -1 -1 -1 -1
161 12 12 12 -1 -1 -1 -1 -1 -1 -1 -1 -1
161 12 12 12 -1 -1 -1 -1 -1 -1 -1 -1 -1
161 10 10 10 -1 -1 -1 -1 -1 -1 -1 -1 -1
161 12 12 12 -1 -1 -1 -1 -1 -1 -1 -1 -1
161 12 12 12 -1 -1 -1 -1 -1 -1 -1 -1 -1
161 12 12 12 -1 -1 -1 -1 -1 -1 -1 -1 -1
165 -1 -1 12 -1 -1 -1 -1 -1 -1 -1 -1 -1
165 -1 -1 12 -1 -1 -1 -1 -1 -1 -1 -1 -1
165 -1 -1 12 -1 -1 -1 -1 -1 -1 -1 -1 -1
165 -1 -1 12 -1 -1 -1 -1 -1 -1 -1 -1 -1
165 -1 -1 10 -1 -1 -1 -1 -1 -1 -1 -1 -1
165 -1 -1 12 -1 -1 -1 -1 -1 -1 -1 -1 -1
165 -1 -1 12 -1 -1 -1 -1 -1 -1 -1 -1 -1
165 -1 -1 12 -1 -1 -1 -1 -1 -1 -1 -1 -1
169 -1 -1 -1 -1 -1 -1 -1 -1 -1 -1 -1 -1
169 -1 -1 -1 -1 -1 -1 -1 -1 -1 -1 -1 -1
169 -1 -1 -1 -1 -1 -1 -1 -1 -1 -1 -1 -1
169 -1 -1 -1 -1 -1 -1 -1 -1 -1 -1 -1 -1
169 -1 -1 -1 -1 -1 -1 -1 -1 -1 -1 -1 -1
169 -1 -1 -1 -1 -1 -1 -1 -1 -1 -1 -1 -1
169 -1 -1 -1 -1 -1 -1 -1 -1 -1 -1 -1 -1
169 -1 -1 -1 -1 -1 -1 -1 -1 -1 -1 -1 -1
