*band 1 eu
36 17 17 17 18 18 18 20 20 20 23 23 23
36 17 17 17 18 18 18 20 20 20 -1 -1 -1
36 17 17 17 18 18 18 -1 -1 -1 -1 -1 -1
36 17 17 17 -1 -1 -1 -1 -1 -1 -1 -1 -1
36 17 17 17 18 18 18 20 20 20 23 23 23
36 17 17 17 18 18 18 20 20 20 -1 -1 -1
36 17 17 17 18 18 18 -1 -1 -1 -1 -1 -1
36 17 17 17 -1 -1 -1 -1 -1 -1 -1 -1 -1
40 17 17 17 18 18 18 20 20 20 23 23 23
40 17 17 17 18 18 18 20 20 20 -1 -1 -1
40 17 17 17 18 18 18 -1 -1 -1 -1 -1 -1
40 17 17 17 -1 -1 -1 -1 -1 -1 -1 -1 -1
40 17 17 17 18 18 18 20 20 20 23 23 23
40 17 17 17 18 18 18 20 20 20 -1 -1 -1
40 17 17 17 18 18 18 -1 -1 -1 -1 -1 -1
40 17 17 17 -1 -1 -1 -1 -1 -1 -1 -1 -1
44 17 17 17 18 18 18 20 20 20 23 23 23
44 17 17 17 18 18 18 20 20 20 -1 -1 -1
44 17 17 17 18 18 18 -1 -1 -1 -1 -1 -1
44 17 17 17 -1 -1 -1 -1 -1 -1 -1 -1 -1
44 17 17 17 18 18 18 20 20 20 23 23 23
44 17 17 17 18 18 18 20 20 20 -1 -1 -1
44 17 17 17 18 18 18 -1 -1 -1 -1 -1 -1
44 17 17 17 -1 -1 -1 -1 -1 -1 -1 -1 -1
48 17 17 17 18 18 18 20 20 20 23 23 23
48 17 17 17 18 18 18 20 20 20 -1 -1 -1
48 17 17 17 18 18 18 -1 -1 -1 -1 -1 -1
48 17 17 17 -1 -1 -1 -1 -1 -1 -1 -1 -1
48 17 17 17 18 18 18 20 20 20 23 23 23
48 17 17 17 18 18 18 20 20 20 -1 -1 -1
48 17 17 17 18 18 18 -1 -1 -1 -1 -1 -1
48 17 17 17 -1 -1 -1 -1 -1 -1 -1 -1 -1
*band 2 eu
52 17 17 17 18 18 18 20 20 20 23 23 23
52 17 17 17 18 18 18 20 20 20 -1 -1 -1
52 17 17 17 18 18 18 -1 -1 -1 -1 -1 -1
52 17 17 17 -1 -1 -1 -1 -1 -1 -1 -1 -1
52 17 17 17 18 18 18 20 20 20 23 23 23
52 17 17 17 18 18 18 20 20 20 -1 -1 -1
52 17 17 17 18 18 18 -1 -1 -1 -1 -1 -1
52 17 17 17 -1 -1 -1 -1 -1 -1 -1 -1 -1
56 17 17 17 18 18 18 20 20 20 23 23 23
56 17 17 17 18 18 18 20 20 20 -1 -1 -1
56 17 17 17 18 18 18 -1 -1 -1 -1 -1 -1
56 17 17 17 -1 -1 -1 -1 -1 -1 -1 -1 -1
56 17 17 17 18 18 18 20 20 20 23 23 23
56 17 17 17 18 18 18 20 20 20 -1 -1 -1
56 17 17 17 18 18 18 -1 -1 -1 -1 -1 -1
56 17 17 17 -1 -1 -1 -1 -1 -1 -1 -1 -1
60 17 17 17 18 18 18 20 20 20 23 23 23
60 17 17 17 18 18 18 20 20 20 -1 -1 -1
60 17 17 17 18 18 18 -1 -1 -1 -1 -1 -1
60 17 17 17 -1 -1 -1 -1 -1 -1 -1 -1 -1
60 17 17 17 18 18 18 20 20 20 23 23 23
60 17 17 17 18 18 18 20 20 20 -1 -1 -1
60 17 17 17 18 18 18 -1 -1 -1 -1 -1 -1
60 17 17 17 -1 -1 -1 -1 -1 -1 -1 -1 -1
64 17 17 17 18 18 18 20 20 20 23 23 23
64 17 17 17 18 18 18 20 20 20 -1 -1 -1
64 17 17 17 18 18 18 -1 -1 -1 -1 -1 -1
64 17 17 17 -1 -1 -1 -1 -1 -1 -1 -1 -1
64 17 17 17 18 18 18 20 20 20 23 23 23
64 17 17 17 18 18 18 20 20 20 -1 -1 -1
64 17 17 17 18 18 18 -1 -1 -1 -1 -1 -1
64 17 17 17 -1 -1 -1 -1 -1 -1 -1 -1 -1
*band 3 br
100 18 18 18 19 19 19 21 21 21 24 24 24
100 18 18 18 19 19 19 21 21 21 -1 -1 -1
100 18 18 18 19 19 19 -1 -1 -1 -1 -1 -1
100 18 18 18 -1 -1 -1 -1 -1 -1 -1 -1 -1
100 18 18 18 19 19 19 21 21 21 24 24 24
100 18 18 18 19 19 19 21 21 21 -1 -1 -1
100 18 18 18 19 19 19 -1 -1 -1 -1 -1 -1
100 18 18 18 -1 -1 -1 -1 -1 -1 -1 -1 -1
104 18 18 18 19 19 19 21 21 21 24 24 24
104 18 18 18 19 19 19 21 21 21 -1 -1 -1
104 18 18 18 19 19 19 -1 -1 -1 -1 -1 -1
104 18 18 18 -1 -1 -1 -1 -1 -1 -1 -1 -1
104 18 18 18 19 19 19 21 21 21 24 24 24
104 18 18 18 19 19 19 21 21 21 -1 -1 -1
104 18 18 18 19 19 19 -1 -1 -1 -1 -1 -1
104 18 18 18 -1 -1 -1 -1 -1 -1 -1 -1 -1
108 18 18 18 19 19 19 21 21 21 24 24 24
108 18 18 18 19 19 19 21 21 21 -1 -1 -1
108 18 18 18 19 19 19 -1 -1 -1 -1 -1 -1
108 18 18 18 -1 -1 -1 -1 -1 -1 -1 -1 -1
108 18 18 18 19 19 19 21 21 21 24 24 24
108 18 18 18 19 19 19 21 21 21 -1 -1 -1
108 18 18 18 19 19 19 -1 -1 -1 -1 -1 -1
108 18 18 18 -1 -1 -1 -1 -1 -1 -1 -1 -1
112 18 18 18 19 19 19 21 21 21 24 24 24
112 18 18 18 19 19 19 21 21 21 -1 -1 -1
112 18 18 18 19 19 19 -1 -1 -1 -1 -1 -1
112 18 18 18 -1 -1 -1 -1 -1 -1 -1 -1 -1
112 18 18 18 19 19 19 21 21 21 24 24 24
112 18 18 18 19 19 19 21 21 21 -1 -1 -1
112 18 18 18 19 19 19 -1 -1 -1 -1 -1 -1
112 18 18 18 -1 -1 -1 -1 -1 -1 -1 -1 -1
116 18 18 18 19 19 19 21 21 21 24 24 24
116 18 18 18 19 19 19 21 21 21 -1 -1 -1
116 18 18 18 19 19 19 -1 -1 -1 -1 -1 -1
116 18 18 18 -1 -1 -1 -1 -1 -1 -1 -1 -1
116 18 18 18 19 19 19 21 21 21 24 24 24
116 18 18 18 19 19 19 21 21 21 -1 -1 -1
116 18 18 18 19 19 19 -1 -1 -1 -1 -1 -1
116 18 18 18 -1 -1 -1 -1 -1 -1 -1 -1 -1
120 18 18 18 19 19 19 21 21 21 24 24 24
120 18 18 18 19 19 19 21 21 21 -1 -1 -1
120 18 18 18 19 19 19 -1 -1 -1 -1 -1 -1
120 18 18 18 -1 -1 -1 -1 -1 -1 -1 -1 -1
120 18 18 18 19 19 19 21 21 21 24 24 24
120 18 18 18 19 19 19 21 21 21 -1 -1 -1
120 18 18 18 19 19 19 -1 -1 -1 -1 -1 -1
120 18 18 18 -1 -1 -1 -1 -1 -1 -1 -1 -1
124 18 18 18 19 19 19 21 21 21 24 24 24
124 18 18 18 19 19 19 21 21 21 -1 -1 -1
124 18 18 18 19 19 19 -1 -1 -1 -1 -1 -1
124 18 18 18 -1 -1 -1 -1 -1 -1 -1 -1 -1
124 18 18 18 19 19 19 21 21 21 24 24 24
124 18 18 18 19 19 19 21 21 21 -1 -1 -1
124 18 18 18 19 19 19 -1 -1 -1 -1 -1 -1
124 18 18 18 -1 -1 -1 -1 -1 -1 -1 -1 -1
128 18 18 18 19 19 19 21 21 21 24 24 24
128 18 18 18 19 19 19 21 21 21 -1 -1 -1
128 18 18 18 19 19 19 -1 -1 -1 -1 -1 -1
128 18 18 18 -1 -1 -1 -1 -1 -1 -1 -1 -1
128 18 18 18 19 19 19 21 21 21 24 24 24
128 18 18 18 19 19 19 21 21 21 -1 -1 -1
128 18 18 18 19 19 19 -1 -1 -1 -1 -1 -1
128 18 18 18 -1 -1 -1 -1 -1 -1 -1 -1 -1
132 18 18 18 19 19 19 21 21 21 24 24 24
132 18 18 18 19 19 19 21 21 21 -1 -1 -1
132 18 18 18 19 19 19 -1 -1 -1 -1 -1 -1
132 18 18 18 -1 -1 -1 -1 -1 -1 -1 -1 -1
132 18 18 18 19 19 19 21 21 21 24 24 24
132 18 18 18 19 19 19 21 21 21 -1 -1 -1
132 18 18 18 19 19 19 -1 -1 -1 -1 -1 -1
132 18 18 18 -1 -1 -1 -1 -1 -1 -1 -1 -1
136 18 18 18 19 19 19 21 21 21 24 24 24
136 18 18 18 19 19 19 21 21 21 -1 -1 -1
136 18 18 18 19 19 19 -1 -1 -1 -1 -1 -1
136 18 18 18 -1 -1 -1 -1 -1 -1 -1 -1 -1
136 18 18 18 19 19 19 21 21 21 24 24 24
136 18 18 18 19 19 19 21 21 21 -1 -1 -1
136 18 18 18 19 19 19 -1 -1 -1 -1 -1 -1
136 18 18 18 -1 -1 -1 -1 -1 -1 -1 -1 -1
140 18 18 18 19 19 19 21 21 21 24 24 24
140 18 18 18 19 19 19 21 21 21 -1 -1 -1
140 18 18 18 19 19 19 -1 -1 -1 -1 -1 -1
140 18 18 18 -1 -1 -1 -1 -1 -1 -1 -1 -1
140 18 18 18 19 19 19 21 21 21 24 24 24
140 18 18 18 19 19 19 21 21 21 -1 -1 -1
140 18 18 18 19 19 19 -1 -1 -1 -1 -1 -1
140 18 18 18 -1 -1 -1 -1 -1 -1 -1 -1 -1
144 18 18 18 19 19 19 21 21 21 24 24 24
144 18 18 18 19 19 19 21 21 21 -1 -1 -1
144 18 18 18 19 19 19 -1 -1 -1 -1 -1 -1
144 18 18 18 -1 -1 -1 -1 -1 -1 -1 -1 -1
144 18 18 18 19 19 19 21 21 21 24 24 24
144 18 18 18 19 19 19 21 21 21 -1 -1 -1
144 18 18 18 19 19 19 -1 -1 -1 -1 -1 -1
144 18 18 18 -1 -1 -1 -1 -1 -1 -1 -1 -1
*band 4 ar
149 24 24 24 24 24 24 24 24 24 24 24 24
149 24 24 24 24 24 24 24 24 24 -1 -1 -1
149 24 24 24 24 24 24 -1 -1 -1 -1 -1 -1
149 24 24 24 -1 -1 -1 -1 -1 -1 -1 -1 -1
149 24 24 24 24 24 24 24 24 24 24 24 24
149 24 24 24 24 24 24 24 24 24 -1 -1 -1
149 24 24 24 24 24 24 -1 -1 -1 -1 -1 -1
149 24 24 24 -1 -1 -1 -1 -1 -1 -1 -1 -1
153 24 24 24 24 24 24 24 24 24 24 24 24
153 24 24 24 24 24 24 24 24 24 -1 -1 -1
153 24 24 24 24 24 24 -1 -1 -1 -1 -1 -1
153 24 24 24 -1 -1 -1 -1 -1 -1 -1 -1 -1
153 24 24 24 24 24 24 24 24 24 24 24 24
153 24 24 24 24 24 24 24 24 24 -1 -1 -1
153 24 24 24 24 24 24 -1 -1 -1 -1 -1 -1
153 24 24 24 -1 -1 -1 -1 -1 -1 -1 -1 -1
157 24 24 24 24 24 24 24 24 24 24 24 24
157 24 24 24 24 24 24 24 24 24 -1 -1 -1
157 24 24 24 24 24 24 -1 -1 -1 -1 -1 -1
157 24 24 24 -1 -1 -1 -1 -1 -1 -1 -1 -1
157 24 24 24 24 24 24 24 24 24 24 24 24
157 24 24 24 24 24 24 24 24 24 -1 -1 -1
157 24 24 24 24 24 24 -1 -1 -1 -1 -1 -1
157 24 24 24 -1 -1 -1 -1 -1 -1 -1 -1 -1
161 24 24 24 24 24 24 24 24 24 24 24 24
161 24 24 24 24 24 24 24 24 24 -1 -1 -1
161 24 24 24 24 24 24 -1 -1 -1 -1 -1 -1
161 24 24 24 -1 -1 -1 -1 -1 -1 -1 -1 -1
161 24 24 24 24 24 24 24 24 24 24 24 24
161 24 24 24 24 24 24 24 24 24 -1 -1 -1
161 24 24 24 24 24 24 -1 -1 -1 -1 -1 -1
161 24 24 24 -1 -1 -1 -1 -1 -1 -1 -1 -1
165 -1 -1 24 -1 -1 24 -1 -1 24 -1 -1 24
165 -1 -1 24 -1 -1 24 -1 -1 24 -1 -1 -1
165 -1 -1 24 -1 -1 24 -1 -1 -1 -1 -1 -1
165 -1 -1 24 -1 -1 -1 -1 -1 -1 -1 -1 -1
165 -1 -1 24 -1 -1 24 -1 -1 24 -1 -1 24
165 -1 -1 24 -1 -1 24 -1 -1 24 -1 -1 -1
165 -1 -1 24 -1 -1 24 -1 -1 -1 -1 -1 -1
165 -1 -1 24 -1 -1 -1 -1 -1 -1 -1 -1 -1




