*band 1 py
36 15 15 15 -1 -1 -1 -1 -1 -1 -1 -1 -1
36 15 15 15 -1 -1 -1 -1 -1 -1 -1 -1 -1
36 15 15 15 -1 -1 -1 -1 -1 -1 -1 -1 -1
36 15 15 15 -1 -1 -1 -1 -1 -1 -1 -1 -1
36 13 13 13 -1 -1 -1 -1 -1 -1 -1 -1 -1
36 15 15 15 -1 -1 -1 -1 -1 -1 -1 -1 -1
36 15 15 15 -1 -1 -1 -1 -1 -1 -1 -1 -1
36 15 15 15 -1 -1 -1 -1 -1 -1 -1 -1 -1
40 15 15 15 -1 -1 -1 -1 -1 -1 -1 -1 -1
40 15 15 15 -1 -1 -1 -1 -1 -1 -1 -1 -1
40 15 15 15 -1 -1 -1 -1 -1 -1 -1 -1 -1
40 15 15 15 -1 -1 -1 -1 -1 -1 -1 -1 -1
40 13 13 13 -1 -1 -1 -1 -1 -1 -1 -1 -1
40 15 15 15 -1 -1 -1 -1 -1 -1 -1 -1 -1
40 15 15 15 -1 -1 -1 -1 -1 -1 -1 -1 -1
40 15 15 15 -1 -1 -1 -1 -1 -1 -1 -1 -1
44 15 15 15 -1 -1 -1 -1 -1 -1 -1 -1 -1
44 15 15 15 -1 -1 -1 -1 -1 -1 -1 -1 -1
44 15 15 15 -1 -1 -1 -1 -1 -1 -1 -1 -1
44 15 15 15 -1 -1 -1 -1 -1 -1 -1 -1 -1
44 13 13 13 -1 -1 -1 -1 -1 -1 -1 -1 -1
44 15 15 15 -1 -1 -1 -1 -1 -1 -1 -1 -1
44 15 15 15 -1 -1 -1 -1 -1 -1 -1 -1 -1
44 15 15 15 -1 -1 -1 -1 -1 -1 -1 -1 -1
48 15 15 15 -1 -1 -1 -1 -1 -1 -1 -1 -1
48 15 15 15 -1 -1 -1 -1 -1 -1 -1 -1 -1
48 15 15 15 -1 -1 -1 -1 -1 -1 -1 -1 -1
48 15 15 15 -1 -1 -1 -1 -1 -1 -1 -1 -1
48 13 13 13 -1 -1 -1 -1 -1 -1 -1 -1 -1
48 15 15 15 -1 -1 -1 -1 -1 -1 -1 -1 -1
48 15 15 15 -1 -1 -1 -1 -1 -1 -1 -1 -1
48 15 15 15 -1 -1 -1 -1 -1 -1 -1 -1 -1
*band 2 py
52 15 15 15 -1 -1 -1 -1 -1 -1 -1 -1 -1
52 15 15 15 -1 -1 -1 -1 -1 -1 -1 -1 -1
52 15 15 15 -1 -1 -1 -1 -1 -1 -1 -1 -1
52 15 15 15 -1 -1 -1 -1 -1 -1 -1 -1 -1
52 13 13 13 -1 -1 -1 -1 -1 -1 -1 -1 -1
52 15 15 15 -1 -1 -1 -1 -1 -1 -1 -1 -1
52 15 15 15 -1 -1 -1 -1 -1 -1 -1 -1 -1
52 15 15 15 -1 -1 -1 -1 -1 -1 -1 -1 -1
56 15 15 15 -1 -1 -1 -1 -1 -1 -1 -1 -1
56 15 15 15 -1 -1 -1 -1 -1 -1 -1 -1 -1
56 15 15 15 -1 -1 -1 -1 -1 -1 -1 -1 -1
56 15 15 15 -1 -1 -1 -1 -1 -1 -1 -1 -1
56 13 13 13 -1 -1 -1 -1 -1 -1 -1 -1 -1
56 15 15 15 -1 -1 -1 -1 -1 -1 -1 -1 -1
56 15 15 15 -1 -1 -1 -1 -1 -1 -1 -1 -1
56 15 15 15 -1 -1 -1 -1 -1 -1 -1 -1 -1
60 15 15 15 -1 -1 -1 -1 -1 -1 -1 -1 -1
60 15 15 15 -1 -1 -1 -1 -1 -1 -1 -1 -1
60 15 15 15 -1 -1 -1 -1 -1 -1 -1 -1 -1
60 15 15 15 -1 -1 -1 -1 -1 -1 -1 -1 -1
60 13 13 13 -1 -1 -1 -1 -1 -1 -1 -1 -1
60 15 15 15 -1 -1 -1 -1 -1 -1 -1 -1 -1
60 15 15 15 -1 -1 -1 -1 -1 -1 -1 -1 -1
60 15 15 15 -1 -1 -1 -1 -1 -1 -1 -1 -1
64 15 15 15 -1 -1 -1 -1 -1 -1 -1 -1 -1
64 15 15 15 -1 -1 -1 -1 -1 -1 -1 -1 -1
64 15 15 15 -1 -1 -1 -1 -1 -1 -1 -1 -1
64 15 15 15 -1 -1 -1 -1 -1 -1 -1 -1 -1
64 13 13 13 -1 -1 -1 -1 -1 -1 -1 -1 -1
64 15 15 15 -1 -1 -1 -1 -1 -1 -1 -1 -1
64 15 15 15 -1 -1 -1 -1 -1 -1 -1 -1 -1
64 15 15 15 -1 -1 -1 -1 -1 -1 -1 -1 -1
*band 3 py
100 18 18 18 -1 -1 -1 -1 -1 -1 -1 -1 -1
100 18 18 18 -1 -1 -1 -1 -1 -1 -1 -1 -1
100 18 18 18 -1 -1 -1 -1 -1 -1 -1 -1 -1
100 18 18 18 -1 -1 -1 -1 -1 -1 -1 -1 -1
100 18 18 18 -1 -1 -1 -1 -1 -1 -1 -1 -1
100 18 18 18 -1 -1 -1 -1 -1 -1 -1 -1 -1
100 18 18 18 -1 -1 -1 -1 -1 -1 -1 -1 -1
100 18 18 18 -1 -1 -1 -1 -1 -1 -1 -1 -1
104 18 18 18 -1 -1 -1 -1 -1 -1 -1 -1 -1
104 18 18 18 -1 -1 -1 -1 -1 -1 -1 -1 -1
104 18 18 18 -1 -1 -1 -1 -1 -1 -1 -1 -1
104 18 18 18 -1 -1 -1 -1 -1 -1 -1 -1 -1
104 18 18 18 -1 -1 -1 -1 -1 -1 -1 -1 -1
104 18 18 18 -1 -1 -1 -1 -1 -1 -1 -1 -1
104 18 18 18 -1 -1 -1 -1 -1 -1 -1 -1 -1
104 18 18 18 -1 -1 -1 -1 -1 -1 -1 -1 -1
108 18 18 18 -1 -1 -1 -1 -1 -1 -1 -1 -1
108 18 18 18 -1 -1 -1 -1 -1 -1 -1 -1 -1
108 18 18 18 -1 -1 -1 -1 -1 -1 -1 -1 -1
108 18 18 18 -1 -1 -1 -1 -1 -1 -1 -1 -1
108 18 18 18 -1 -1 -1 -1 -1 -1 -1 -1 -1
108 18 18 18 -1 -1 -1 -1 -1 -1 -1 -1 -1
108 18 18 18 -1 -1 -1 -1 -1 -1 -1 -1 -1
108 18 18 18 -1 -1 -1 -1 -1 -1 -1 -1 -1
112 18 18 18 -1 -1 -1 -1 -1 -1 -1 -1 -1
112 18 18 18 -1 -1 -1 -1 -1 -1 -1 -1 -1
112 18 18 18 -1 -1 -1 -1 -1 -1 -1 -1 -1
112 18 18 18 -1 -1 -1 -1 -1 -1 -1 -1 -1
112 18 18 18 -1 -1 -1 -1 -1 -1 -1 -1 -1
112 18 18 18 -1 -1 -1 -1 -1 -1 -1 -1 -1
112 18 18 18 -1 -1 -1 -1 -1 -1 -1 -1 -1
112 18 18 18 -1 -1 -1 -1 -1 -1 -1 -1 -1
116 18 18 18 -1 -1 -1 -1 -1 -1 -1 -1 -1
116 18 18 18 -1 -1 -1 -1 -1 -1 -1 -1 -1
116 18 18 18 -1 -1 -1 -1 -1 -1 -1 -1 -1
116 18 18 18 -1 -1 -1 -1 -1 -1 -1 -1 -1
116 18 18 18 -1 -1 -1 -1 -1 -1 -1 -1 -1
116 18 18 18 -1 -1 -1 -1 -1 -1 -1 -1 -1
116 18 18 18 -1 -1 -1 -1 -1 -1 -1 -1 -1
116 18 18 18 -1 -1 -1 -1 -1 -1 -1 -1 -1
120 18 18 18 -1 -1 -1 -1 -1 -1 -1 -1 -1
120 18 18 18 -1 -1 -1 -1 -1 -1 -1 -1 -1
120 18 18 18 -1 -1 -1 -1 -1 -1 -1 -1 -1
120 18 18 18 -1 -1 -1 -1 -1 -1 -1 -1 -1
120 18 18 18 -1 -1 -1 -1 -1 -1 -1 -1 -1
120 18 18 18 -1 -1 -1 -1 -1 -1 -1 -1 -1
120 18 18 18 -1 -1 -1 -1 -1 -1 -1 -1 -1
120 18 18 18 -1 -1 -1 -1 -1 -1 -1 -1 -1
124 18 18 18 -1 -1 -1 -1 -1 -1 -1 -1 -1
124 18 18 18 -1 -1 -1 -1 -1 -1 -1 -1 -1
124 18 18 18 -1 -1 -1 -1 -1 -1 -1 -1 -1
124 18 18 18 -1 -1 -1 -1 -1 -1 -1 -1 -1
124 18 18 18 -1 -1 -1 -1 -1 -1 -1 -1 -1
124 18 18 18 -1 -1 -1 -1 -1 -1 -1 -1 -1
124 18 18 18 -1 -1 -1 -1 -1 -1 -1 -1 -1
124 18 18 18 -1 -1 -1 -1 -1 -1 -1 -1 -1
128 18 18 18 -1 -1 -1 -1 -1 -1 -1 -1 -1
128 18 18 18 -1 -1 -1 -1 -1 -1 -1 -1 -1
128 18 18 18 -1 -1 -1 -1 -1 -1 -1 -1 -1
128 18 18 18 -1 -1 -1 -1 -1 -1 -1 -1 -1
128 18 18 18 -1 -1 -1 -1 -1 -1 -1 -1 -1
128 18 18 18 -1 -1 -1 -1 -1 -1 -1 -1 -1
128 18 18 18 -1 -1 -1 -1 -1 -1 -1 -1 -1
128 18 18 18 -1 -1 -1 -1 -1 -1 -1 -1 -1
132 -1 18 18 -1 -1 -1 -1 -1 -1 -1 -1 -1
132 -1 18 18 -1 -1 -1 -1 -1 -1 -1 -1 -1
132 -1 18 18 -1 -1 -1 -1 -1 -1 -1 -1 -1
132 -1 18 18 -1 -1 -1 -1 -1 -1 -1 -1 -1
132 -1 18 18 -1 -1 -1 -1 -1 -1 -1 -1 -1
132 -1 18 18 -1 -1 -1 -1 -1 -1 -1 -1 -1
132 -1 18 18 -1 -1 -1 -1 -1 -1 -1 -1 -1
132 -1 18 18 -1 -1 -1 -1 -1 -1 -1 -1 -1
136 -1 18 18 -1 -1 -1 -1 -1 -1 -1 -1 -1
136 -1 18 18 -1 -1 -1 -1 -1 -1 -1 -1 -1
136 -1 18 18 -1 -1 -1 -1 -1 -1 -1 -1 -1
136 -1 18 18 -1 -1 -1 -1 -1 -1 -1 -1 -1
136 -1 18 18 -1 -1 -1 -1 -1 -1 -1 -1 -1
136 -1 18 18 -1 -1 -1 -1 -1 -1 -1 -1 -1
136 -1 18 18 -1 -1 -1 -1 -1 -1 -1 -1 -1
136 -1 18 18 -1 -1 -1 -1 -1 -1 -1 -1 -1
140 -1 -1 18 -1 -1 -1 -1 -1 -1 -1 -1 -1
140 -1 -1 18 -1 -1 -1 -1 -1 -1 -1 -1 -1
140 -1 -1 18 -1 -1 -1 -1 -1 -1 -1 -1 -1
140 -1 -1 18 -1 -1 -1 -1 -1 -1 -1 -1 -1
140 -1 -1 18 -1 -1 -1 -1 -1 -1 -1 -1 -1
140 -1 -1 18 -1 -1 -1 -1 -1 -1 -1 -1 -1
140 -1 -1 18 -1 -1 -1 -1 -1 -1 -1 -1 -1
140 -1 -1 18 -1 -1 -1 -1 -1 -1 -1 -1 -1
144 -1 -1 -1 -1 -1 -1 -1 -1 -1 -1 -1 -1
144 -1 -1 -1 -1 -1 -1 -1 -1 -1 -1 -1 -1
144 -1 -1 -1 -1 -1 -1 -1 -1 -1 -1 -1 -1
144 -1 -1 -1 -1 -1 -1 -1 -1 -1 -1 -1 -1
144 -1 -1 -1 -1 -1 -1 -1 -1 -1 -1 -1 -1
144 -1 -1 -1 -1 -1 -1 -1 -1 -1 -1 -1 -1
144 -1 -1 -1 -1 -1 -1 -1 -1 -1 -1 -1 -1
144 -1 -1 -1 -1 -1 -1 -1 -1 -1 -1 -1 -1
*band 4 py
149 24 24 24 -1 -1 -1 -1 -1 -1 -1 -1 -1
149 24 24 24 -1 -1 -1 -1 -1 -1 -1 -1 -1
149 24 24 24 -1 -1 -1 -1 -1 -1 -1 -1 -1
149 24 24 24 -1 -1 -1 -1 -1 -1 -1 -1 -1
149 24 24 24 -1 -1 -1 -1 -1 -1 -1 -1 -1
149 24 24 24 -1 -1 -1 -1 -1 -1 -1 -1 -1
149 24 24 24 -1 -1 -1 -1 -1 -1 -1 -1 -1
149 24 24 24 -1 -1 -1 -1 -1 -1 -1 -1 -1
153 24 24 24 -1 -1 -1 -1 -1 -1 -1 -1 -1
153 24 24 24 -1 -1 -1 -1 -1 -1 -1 -1 -1
153 24 24 24 -1 -1 -1 -1 -1 -1 -1 -1 -1
153 24 24 24 -1 -1 -1 -1 -1 -1 -1 -1 -1
153 24 24 24 -1 -1 -1 -1 -1 -1 -1 -1 -1
153 24 24 24 -1 -1 -1 -1 -1 -1 -1 -1 -1
153 24 24 24 -1 -1 -1 -1 -1 -1 -1 -1 -1
153 24 24 24 -1 -1 -1 -1 -1 -1 -1 -1 -1
157 24 24 24 -1 -1 -1 -1 -1 -1 -1 -1 -1
157 24 24 24 -1 -1 -1 -1 -1 -1 -1 -1 -1
157 24 24 24 -1 -1 -1 -1 -1 -1 -1 -1 -1
157 24 24 24 -1 -1 -1 -1 -1 -1 -1 -1 -1
157 24 24 24 -1 -1 -1 -1 -1 -1 -1 -1 -1
157 24 24 24 -1 -1 -1 -1 -1 -1 -1 -1 -1
157 24 24 24 -1 -1 -1 -1 -1 -1 -1 -1 -1
157 24 24 24 -1 -1 -1 -1 -1 -1 -1 -1 -1
161 24 24 24 -1 -1 -1 -1 -1 -1 -1 -1 -1
161 24 24 24 -1 -1 -1 -1 -1 -1 -1 -1 -1
161 24 24 24 -1 -1 -1 -1 -1 -1 -1 -1 -1
161 24 24 24 -1 -1 -1 -1 -1 -1 -1 -1 -1
161 24 24 24 -1 -1 -1 -1 -1 -1 -1 -1 -1
161 24 24 24 -1 -1 -1 -1 -1 -1 -1 -1 -1
161 24 24 24 -1 -1 -1 -1 -1 -1 -1 -1 -1
161 24 24 24 -1 -1 -1 -1 -1 -1 -1 -1 -1
165 -1 -1 24 -1 -1 -1 -1 -1 -1 -1 -1 -1
165 -1 -1 24 -1 -1 -1 -1 -1 -1 -1 -1 -1
165 -1 -1 24 -1 -1 -1 -1 -1 -1 -1 -1 -1
165 -1 -1 24 -1 -1 -1 -1 -1 -1 -1 -1 -1
165 -1 -1 24 -1 -1 -1 -1 -1 -1 -1 -1 -1
165 -1 -1 24 -1 -1 -1 -1 -1 -1 -1 -1 -1
165 -1 -1 24 -1 -1 -1 -1 -1 -1 -1 -1 -1
165 -1 -1 24 -1 -1 -1 -1 -1 -1 -1 -1 -1
169 -1 -1 -1 -1 -1 -1 -1 -1 -1 -1 -1 -1
169 -1 -1 -1 -1 -1 -1 -1 -1 -1 -1 -1 -1
169 -1 -1 -1 -1 -1 -1 -1 -1 -1 -1 -1 -1
169 -1 -1 -1 -1 -1 -1 -1 -1 -1 -1 -1 -1
169 -1 -1 -1 -1 -1 -1 -1 -1 -1 -1 -1 -1
169 -1 -1 -1 -1 -1 -1 -1 -1 -1 -1 -1 -1
169 -1 -1 -1 -1 -1 -1 -1 -1 -1 -1 -1 -1
169 -1 -1 -1 -1 -1 -1 -1 -1 -1 -1 -1 -1
