*band 1 dl
36 24 24 24 24 24 24 24 24 24 24 24 24
36 24 24 24 24 24 24 24 24 24 -1 -1 -1
36 24 24 24 24 24 24 -1 -1 -1 -1 -1 -1
36 24 24 24 -1 -1 -1 -1 -1 -1 -1 -1 -1
36 24 24 24 24 24 24 24 24 24 24 24 24
36 24 24 24 24 24 24 24 24 24 -1 -1 -1
36 24 24 24 24 24 24 -1 -1 -1 -1 -1 -1
36 24 24 24 -1 -1 -1 -1 -1 -1 -1 -1 -1
40 24 24 24 24 24 24 24 24 24 24 24 24
40 24 24 24 24 24 24 24 24 24 -1 -1 -1
40 24 24 24 24 24 24 -1 -1 -1 -1 -1 -1
40 24 24 24 -1 -1 -1 -1 -1 -1 -1 -1 -1
40 24 24 24 24 24 24 24 24 24 24 24 24
40 24 24 24 24 24 24 24 24 24 -1 -1 -1
40 24 24 24 24 24 24 -1 -1 -1 -1 -1 -1
40 24 24 24 -1 -1 -1 -1 -1 -1 -1 -1 -1
44 24 24 24 24 24 24 24 24 24 24 24 24
44 24 24 24 24 24 24 24 24 24 -1 -1 -1
44 24 24 24 24 24 24 -1 -1 -1 -1 -1 -1
44 24 24 24 -1 -1 -1 -1 -1 -1 -1 -1 -1
44 24 24 24 24 24 24 24 24 24 24 24 24
44 24 24 24 24 24 24 24 24 24 -1 -1 -1
44 24 24 24 24 24 24 -1 -1 -1 -1 -1 -1
44 24 24 24 -1 -1 -1 -1 -1 -1 -1 -1 -1
48 24 24 24 24 24 24 24 24 24 24 24 24
48 24 24 24 24 24 24 24 24 24 -1 -1 -1
48 24 24 24 24 24 24 -1 -1 -1 -1 -1 -1
48 24 24 24 -1 -1 -1 -1 -1 -1 -1 -1 -1
48 24 24 24 24 24 24 24 24 24 24 24 24
48 24 24 24 24 24 24 24 24 24 -1 -1 -1
48 24 24 24 24 24 24 -1 -1 -1 -1 -1 -1
48 24 24 24 -1 -1 -1 -1 -1 -1 -1 -1 -1
*band 2 dl
52 21 21 21 22 22 22 24 24 24 24 24 24
52 21 21 21 22 22 22 24 24 24 -1 -1 -1
52 21 21 21 22 22 22 -1 -1 -1 -1 -1 -1
52 21 21 21 -1 -1 -1 -1 -1 -1 -1 -1 -1
52 21 21 21 22 22 22 24 24 24 24 24 24
52 21 21 21 22 22 22 24 24 24 -1 -1 -1
52 21 21 21 22 22 22 -1 -1 -1 -1 -1 -1
52 21 21 21 -1 -1 -1 -1 -1 -1 -1 -1 -1
56 21 21 21 22 22 22 24 24 24 24 24 24
56 21 21 21 22 22 22 24 24 24 -1 -1 -1
56 21 21 21 22 22 22 -1 -1 -1 -1 -1 -1
56 21 21 21 -1 -1 -1 -1 -1 -1 -1 -1 -1
56 21 21 21 22 22 22 24 24 24 24 24 24
56 21 21 21 22 22 22 24 24 24 -1 -1 -1
56 21 21 21 22 22 22 -1 -1 -1 -1 -1 -1
56 21 21 21 -1 -1 -1 -1 -1 -1 -1 -1 -1
60 21 21 21 22 22 22 24 24 24 24 24 24
60 21 21 21 22 22 22 24 24 24 -1 -1 -1
60 21 21 21 22 22 22 -1 -1 -1 -1 -1 -1
60 21 21 21 -1 -1 -1 -1 -1 -1 -1 -1 -1
60 21 21 21 22 22 22 24 24 24 24 24 24
60 21 21 21 22 22 22 24 24 24 -1 -1 -1
60 21 21 21 22 22 22 -1 -1 -1 -1 -1 -1
60 21 21 21 -1 -1 -1 -1 -1 -1 -1 -1 -1
64 21 21 21 22 22 22 24 24 24 24 24 24
64 21 21 21 22 22 22 24 24 24 -1 -1 -1
64 21 21 21 22 22 22 -1 -1 -1 -1 -1 -1
64 21 21 21 -1 -1 -1 -1 -1 -1 -1 -1 -1
64 21 21 21 22 22 22 24 24 24 24 24 24
64 21 21 21 22 22 22 24 24 24 -1 -1 -1
64 21 21 21 22 22 22 -1 -1 -1 -1 -1 -1
64 21 21 21 -1 -1 -1 -1 -1 -1 -1 -1 -1
*band 3 dl
100 21 21 21 22 22 22 24 24 24 24 24 24
100 21 21 21 22 22 22 24 24 24 -1 -1 -1
100 21 21 21 22 22 22 -1 -1 -1 -1 -1 -1
100 21 21 21 -1 -1 -1 -1 -1 -1 -1 -1 -1
100 21 21 21 22 22 22 24 24 24 24 24 24
100 21 21 21 22 22 22 24 24 24 -1 -1 -1
100 21 21 21 22 22 22 -1 -1 -1 -1 -1 -1
100 21 21 21 -1 -1 -1 -1 -1 -1 -1 -1 -1
104 21 21 21 22 22 22 24 24 24 24 24 24
104 21 21 21 22 22 22 24 24 24 -1 -1 -1
104 21 21 21 22 22 22 -1 -1 -1 -1 -1 -1
104 21 21 21 -1 -1 -1 -1 -1 -1 -1 -1 -1
104 21 21 21 22 22 22 24 24 24 24 24 24
104 21 21 21 22 22 22 24 24 24 -1 -1 -1
104 21 21 21 22 22 22 -1 -1 -1 -1 -1 -1
104 21 21 21 -1 -1 -1 -1 -1 -1 -1 -1 -1
108 21 21 21 22 22 22 24 24 24 24 24 24
108 21 21 21 22 22 22 24 24 24 -1 -1 -1
108 21 21 21 22 22 22 -1 -1 -1 -1 -1 -1
108 21 21 21 -1 -1 -1 -1 -1 -1 -1 -1 -1
108 21 21 21 22 22 22 24 24 24 24 24 24
108 21 21 21 22 22 22 24 24 24 -1 -1 -1
108 21 21 21 22 22 22 -1 -1 -1 -1 -1 -1
108 21 21 21 -1 -1 -1 -1 -1 -1 -1 -1 -1
112 21 21 21 22 22 22 24 24 24 24 24 24
112 21 21 21 22 22 22 24 24 24 -1 -1 -1
112 21 21 21 22 22 22 -1 -1 -1 -1 -1 -1
112 21 21 21 -1 -1 -1 -1 -1 -1 -1 -1 -1
112 21 21 21 22 22 22 24 24 24 24 24 24
112 21 21 21 22 22 22 24 24 24 -1 -1 -1
112 21 21 21 22 22 22 -1 -1 -1 -1 -1 -1
112 21 21 21 -1 -1 -1 -1 -1 -1 -1 -1 -1
116 21 21 21 22 22 22 24 24 24 24 24 24
116 21 21 21 22 22 22 24 24 24 -1 -1 -1
116 21 21 21 22 22 22 -1 -1 -1 -1 -1 -1
116 21 21 21 -1 -1 -1 -1 -1 -1 -1 -1 -1
116 21 21 21 22 22 22 24 24 24 24 24 24
116 21 21 21 22 22 22 24 24 24 -1 -1 -1
116 21 21 21 22 22 22 -1 -1 -1 -1 -1 -1
116 21 21 21 -1 -1 -1 -1 -1 -1 -1 -1 -1
120 21 21 21 22 22 22 24 24 24 24 24 24
120 21 21 21 22 22 22 24 24 24 -1 -1 -1
120 21 21 21 22 22 22 -1 -1 -1 -1 -1 -1
120 21 21 21 -1 -1 -1 -1 -1 -1 -1 -1 -1
120 21 21 21 22 22 22 24 24 24 24 24 24
120 21 21 21 22 22 22 24 24 24 -1 -1 -1
120 21 21 21 22 22 22 -1 -1 -1 -1 -1 -1
120 21 21 21 -1 -1 -1 -1 -1 -1 -1 -1 -1
124 21 21 21 22 22 22 24 24 24 24 24 24
124 21 21 21 22 22 22 24 24 24 -1 -1 -1
124 21 21 21 22 22 22 -1 -1 -1 -1 -1 -1
124 21 21 21 -1 -1 -1 -1 -1 -1 -1 -1 -1
124 21 21 21 22 22 22 24 24 24 24 24 24
124 21 21 21 22 22 22 24 24 24 -1 -1 -1
124 21 21 21 22 22 22 -1 -1 -1 -1 -1 -1
124 21 21 21 -1 -1 -1 -1 -1 -1 -1 -1 -1
128 21 21 21 22 22 22 24 24 24 24 24 24
128 21 21 21 22 22 22 24 24 24 -1 -1 -1
128 21 21 21 22 22 22 -1 -1 -1 -1 -1 -1
128 21 21 21 -1 -1 -1 -1 -1 -1 -1 -1 -1
128 21 21 21 22 22 22 24 24 24 24 24 24
128 21 21 21 22 22 22 24 24 24 -1 -1 -1
128 21 21 21 22 22 22 -1 -1 -1 -1 -1 -1
128 21 21 21 -1 -1 -1 -1 -1 -1 -1 -1 -1
132 21 21 21 22 22 22 24 24 24 24 24 24
132 21 21 21 22 22 22 24 24 24 -1 -1 -1
132 21 21 21 22 22 22 -1 -1 -1 -1 -1 -1
132 21 21 21 -1 -1 -1 -1 -1 -1 -1 -1 -1
132 21 21 21 22 22 22 24 24 24 24 24 24
132 21 21 21 22 22 22 24 24 24 -1 -1 -1
132 21 21 21 22 22 22 -1 -1 -1 -1 -1 -1
132 21 21 21 -1 -1 -1 -1 -1 -1 -1 -1 -1
136 21 21 21 22 22 22 24 24 24 24 24 24
136 21 21 21 22 22 22 24 24 24 -1 -1 -1
136 21 21 21 22 22 22 -1 -1 -1 -1 -1 -1
136 21 21 21 -1 -1 -1 -1 -1 -1 -1 -1 -1
136 21 21 21 22 22 22 24 24 24 24 24 24
136 21 21 21 22 22 22 24 24 24 -1 -1 -1
136 21 21 21 22 22 22 -1 -1 -1 -1 -1 -1
136 21 21 21 -1 -1 -1 -1 -1 -1 -1 -1 -1
140 21 21 21 22 22 22 24 24 24 24 24 24
140 21 21 21 22 22 22 24 24 24 -1 -1 -1
140 21 21 21 22 22 22 -1 -1 -1 -1 -1 -1
140 21 21 21 -1 -1 -1 -1 -1 -1 -1 -1 -1
140 21 21 21 22 22 22 24 24 24 24 24 24
140 21 21 21 22 22 22 24 24 24 -1 -1 -1
140 21 21 21 22 22 22 -1 -1 -1 -1 -1 -1
140 21 21 21 -1 -1 -1 -1 -1 -1 -1 -1 -1
144 21 21 21 22 22 22 24 24 24 24 24 24
144 21 21 21 22 22 22 24 24 24 -1 -1 -1
144 21 21 21 22 22 22 -1 -1 -1 -1 -1 -1
144 21 21 21 -1 -1 -1 -1 -1 -1 -1 -1 -1
144 21 21 21 22 22 22 24 24 24 24 24 24
144 21 21 21 22 22 22 24 24 24 -1 -1 -1
144 21 21 21 22 22 22 -1 -1 -1 -1 -1 -1
144 21 21 21 -1 -1 -1 -1 -1 -1 -1 -1 -1
*band 4 dl
149 24 24 24 24 24 24 24 24 24 24 24 24
149 24 24 24 24 24 24 24 24 24 -1 -1 -1
149 24 24 24 24 24 24 -1 -1 -1 -1 -1 -1
149 24 24 24 -1 -1 -1 -1 -1 -1 -1 -1 -1
149 24 24 24 24 24 24 24 24 24 24 24 24
149 24 24 24 24 24 24 24 24 24 -1 -1 -1
149 24 24 24 24 24 24 -1 -1 -1 -1 -1 -1
149 24 24 24 -1 -1 -1 -1 -1 -1 -1 -1 -1
153 24 24 24 24 24 24 24 24 24 24 24 24
153 24 24 24 24 24 24 24 24 24 -1 -1 -1
153 24 24 24 24 24 24 -1 -1 -1 -1 -1 -1
153 24 24 24 -1 -1 -1 -1 -1 -1 -1 -1 -1
153 24 24 24 24 24 24 24 24 24 24 24 24
153 24 24 24 24 24 24 24 24 24 -1 -1 -1
153 24 24 24 24 24 24 -1 -1 -1 -1 -1 -1
153 24 24 24 -1 -1 -1 -1 -1 -1 -1 -1 -1
157 24 24 24 24 24 24 24 24 24 24 24 24
157 24 24 24 24 24 24 24 24 24 -1 -1 -1
157 24 24 24 24 24 24 -1 -1 -1 -1 -1 -1
157 24 24 24 -1 -1 -1 -1 -1 -1 -1 -1 -1
157 24 24 24 24 24 24 24 24 24 24 24 24
157 24 24 24 24 24 24 24 24 24 -1 -1 -1
157 24 24 24 24 24 24 -1 -1 -1 -1 -1 -1
157 24 24 24 -1 -1 -1 -1 -1 -1 -1 -1 -1
161 24 24 24 24 24 24 24 24 24 24 24 24
161 24 24 24 24 24 24 24 24 24 -1 -1 -1
161 24 24 24 24 24 24 -1 -1 -1 -1 -1 -1
161 24 24 24 -1 -1 -1 -1 -1 -1 -1 -1 -1
161 24 24 24 24 24 24 24 24 24 24 24 24
161 24 24 24 24 24 24 24 24 24 -1 -1 -1
161 24 24 24 24 24 24 -1 -1 -1 -1 -1 -1
161 24 24 24 -1 -1 -1 -1 -1 -1 -1 -1 -1
165 -1 -1 24 -1 -1 24 -1 -1 24 -1 -1 24
165 -1 -1 24 -1 -1 24 -1 -1 24 -1 -1 -1
165 -1 -1 24 -1 -1 24 -1 -1 -1 -1 -1 -1
165 -1 -1 24 -1 -1 -1 -1 -1 -1 -1 -1 -1
165 -1 -1 24 -1 -1 24 -1 -1 24 -1 -1 24
165 -1 -1 24 -1 -1 24 -1 -1 24 -1 -1 -1
165 -1 -1 24 -1 -1 24 -1 -1 -1 -1 -1 -1
165 -1 -1 24 -1 -1 -1 -1 -1 -1 -1 -1 -1
