*band 1 dl
36 14 14 14 15 15 15 17 17 17 20 20 20
36 14 14 14 15 15 15 17 17 17 -1 -1 -1
36 14 14 14 15 15 15 -1 -1 -1 -1 -1 -1
36 14 14 14 -1 -1 -1 -1 -1 -1 -1 -1 -1
36 14 14 14 15 15 15 17 17 17 20 20 20
36 14 14 14 15 15 15 17 17 17 -1 -1 -1
36 14 14 14 15 15 15 -1 -1 -1 -1 -1 -1
36 14 14 14 -1 -1 -1 -1 -1 -1 -1 -1 -1
40 14 14 14 15 15 15 17 17 17 20 20 20
40 14 14 14 15 15 15 17 17 17 -1 -1 -1
40 14 14 14 15 15 15 -1 -1 -1 -1 -1 -1
40 14 14 14 -1 -1 -1 -1 -1 -1 -1 -1 -1
40 14 14 14 15 15 15 17 17 17 20 20 20
40 14 14 14 15 15 15 17 17 17 -1 -1 -1
40 14 14 14 15 15 15 -1 -1 -1 -1 -1 -1
40 14 14 14 -1 -1 -1 -1 -1 -1 -1 -1 -1
44 14 14 14 15 15 15 17 17 17 20 20 20
44 14 14 14 15 15 15 17 17 17 -1 -1 -1
44 14 14 14 15 15 15 -1 -1 -1 -1 -1 -1
44 14 14 14 -1 -1 -1 -1 -1 -1 -1 -1 -1
44 14 14 14 15 15 15 17 17 17 20 20 20
44 14 14 14 15 15 15 17 17 17 -1 -1 -1
44 14 14 14 15 15 15 -1 -1 -1 -1 -1 -1
44 14 14 14 -1 -1 -1 -1 -1 -1 -1 -1 -1
48 14 14 14 15 15 15 17 17 17 20 20 20
48 14 14 14 15 15 15 17 17 17 -1 -1 -1
48 14 14 14 15 15 15 -1 -1 -1 -1 -1 -1
48 14 14 14 -1 -1 -1 -1 -1 -1 -1 -1 -1
48 14 14 14 15 15 15 17 17 17 20 20 20
48 14 14 14 15 15 15 17 17 17 -1 -1 -1
48 14 14 14 15 15 15 -1 -1 -1 -1 -1 -1
48 14 14 14 -1 -1 -1 -1 -1 -1 -1 -1 -1
*band 2 dl
52 21 21 21 22 22 22 24 24 24 24 24 24
52 21 21 21 22 22 22 24 24 24 -1 -1 -1
52 21 21 21 22 22 22 -1 -1 -1 -1 -1 -1
52 21 21 21 -1 -1 -1 -1 -1 -1 -1 -1 -1
52 21 21 21 22 22 22 24 24 24 24 24 24
52 21 21 21 22 22 22 24 24 24 -1 -1 -1
52 21 21 21 22 22 22 -1 -1 -1 -1 -1 -1
52 21 21 21 -1 -1 -1 -1 -1 -1 -1 -1 -1
56 21 21 21 22 22 22 24 24 24 24 24 24
56 21 21 21 22 22 22 24 24 24 -1 -1 -1
56 21 21 21 22 22 22 -1 -1 -1 -1 -1 -1
56 21 21 21 -1 -1 -1 -1 -1 -1 -1 -1 -1
56 21 21 21 22 22 22 24 24 24 24 24 24
56 21 21 21 22 22 22 24 24 24 -1 -1 -1
56 21 21 21 22 22 22 -1 -1 -1 -1 -1 -1
56 21 21 21 -1 -1 -1 -1 -1 -1 -1 -1 -1
60 21 21 21 22 22 22 24 24 24 24 24 24
60 21 21 21 22 22 22 24 24 24 -1 -1 -1
60 21 21 21 22 22 22 -1 -1 -1 -1 -1 -1
60 21 21 21 -1 -1 -1 -1 -1 -1 -1 -1 -1
60 21 21 21 22 22 22 24 24 24 24 24 24
60 21 21 21 22 22 22 24 24 24 -1 -1 -1
60 21 21 21 22 22 22 -1 -1 -1 -1 -1 -1
60 21 21 21 -1 -1 -1 -1 -1 -1 -1 -1 -1
64 21 21 21 22 22 22 24 24 24 24 24 24
64 21 21 21 22 22 22 24 24 24 -1 -1 -1
64 21 21 21 22 22 22 -1 -1 -1 -1 -1 -1
64 21 21 21 -1 -1 -1 -1 -1 -1 -1 -1 -1
64 21 21 21 22 22 22 24 24 24 24 24 24
64 21 21 21 22 22 22 24 24 24 -1 -1 -1
64 21 21 21 22 22 22 -1 -1 -1 -1 -1 -1
64 21 21 21 -1 -1 -1 -1 -1 -1 -1 -1 -1
*band 3 dl
100 21 21 21 22 22 22 24 24 24 24 24 24
100 21 21 21 22 22 22 24 24 24 -1 -1 -1
100 21 21 21 22 22 22 -1 -1 -1 -1 -1 -1
100 21 21 21 -1 -1 -1 -1 -1 -1 -1 -1 -1
100 21 21 21 22 22 22 24 24 24 24 24 24
100 21 21 21 22 22 22 24 24 24 -1 -1 -1
100 21 21 21 22 22 22 -1 -1 -1 -1 -1 -1
100 21 21 21 -1 -1 -1 -1 -1 -1 -1 -1 -1
104 21 21 21 22 22 22 24 24 24 24 24 24
104 21 21 21 22 22 22 24 24 24 -1 -1 -1
104 21 21 21 22 22 22 -1 -1 -1 -1 -1 -1
104 21 21 21 -1 -1 -1 -1 -1 -1 -1 -1 -1
104 21 21 21 22 22 22 24 24 24 24 24 24
104 21 21 21 22 22 22 24 24 24 -1 -1 -1
104 21 21 21 22 22 22 -1 -1 -1 -1 -1 -1
104 21 21 21 -1 -1 -1 -1 -1 -1 -1 -1 -1
108 21 21 21 22 22 22 24 24 24 24 24 24
108 21 21 21 22 22 22 24 24 24 -1 -1 -1
108 21 21 21 22 22 22 -1 -1 -1 -1 -1 -1
108 21 21 21 -1 -1 -1 -1 -1 -1 -1 -1 -1
108 21 21 21 22 22 22 24 24 24 24 24 24
108 21 21 21 22 22 22 24 24 24 -1 -1 -1
108 21 21 21 22 22 22 -1 -1 -1 -1 -1 -1
108 21 21 21 -1 -1 -1 -1 -1 -1 -1 -1 -1
112 21 21 21 22 22 22 24 24 24 24 24 24
112 21 21 21 22 22 22 24 24 24 -1 -1 -1
112 21 21 21 22 22 22 -1 -1 -1 -1 -1 -1
112 21 21 21 -1 -1 -1 -1 -1 -1 -1 -1 -1
112 21 21 21 22 22 22 24 24 24 24 24 24
112 21 21 21 22 22 22 24 24 24 -1 -1 -1
112 21 21 21 22 22 22 -1 -1 -1 -1 -1 -1
112 21 21 21 -1 -1 -1 -1 -1 -1 -1 -1 -1
116 21 21 21 22 22 22 24 24 24 24 24 24
116 21 21 21 22 22 22 24 24 24 -1 -1 -1
116 21 21 21 22 22 22 -1 -1 -1 -1 -1 -1
116 21 21 21 -1 -1 -1 -1 -1 -1 -1 -1 -1
116 21 21 21 22 22 22 24 24 24 24 24 24
116 21 21 21 22 22 22 24 24 24 -1 -1 -1
116 21 21 21 22 22 22 -1 -1 -1 -1 -1 -1
116 21 21 21 -1 -1 -1 -1 -1 -1 -1 -1 -1
120 21 21 21 22 22 22 24 24 24 24 24 24
120 21 21 21 22 22 22 24 24 24 -1 -1 -1
120 21 21 21 22 22 22 -1 -1 -1 -1 -1 -1
120 21 21 21 -1 -1 -1 -1 -1 -1 -1 -1 -1
120 21 21 21 22 22 22 24 24 24 24 24 24
120 21 21 21 22 22 22 24 24 24 -1 -1 -1
120 21 21 21 22 22 22 -1 -1 -1 -1 -1 -1
120 21 21 21 -1 -1 -1 -1 -1 -1 -1 -1 -1
124 21 21 21 22 22 22 24 24 24 24 24 24
124 21 21 21 22 22 22 24 24 24 -1 -1 -1
124 21 21 21 22 22 22 -1 -1 -1 -1 -1 -1
124 21 21 21 -1 -1 -1 -1 -1 -1 -1 -1 -1
124 21 21 21 22 22 22 24 24 24 24 24 24
124 21 21 21 22 22 22 24 24 24 -1 -1 -1
124 21 21 21 22 22 22 -1 -1 -1 -1 -1 -1
124 21 21 21 -1 -1 -1 -1 -1 -1 -1 -1 -1
128 21 21 21 22 22 22 24 24 24 24 24 24
128 21 21 21 22 22 22 24 24 24 -1 -1 -1
128 21 21 21 22 22 22 -1 -1 -1 -1 -1 -1
128 21 21 21 -1 -1 -1 -1 -1 -1 -1 -1 -1
128 21 21 21 22 22 22 24 24 24 24 24 24
128 21 21 21 22 22 22 24 24 24 -1 -1 -1
128 21 21 21 22 22 22 -1 -1 -1 -1 -1 -1
128 21 21 21 -1 -1 -1 -1 -1 -1 -1 -1 -1
132 21 21 21 22 22 22 24 24 24 24 24 24
132 21 21 21 22 22 22 24 24 24 -1 -1 -1
132 21 21 21 22 22 22 -1 -1 -1 -1 -1 -1
132 21 21 21 -1 -1 -1 -1 -1 -1 -1 -1 -1
132 21 21 21 22 22 22 24 24 24 24 24 24
132 21 21 21 22 22 22 24 24 24 -1 -1 -1
132 21 21 21 22 22 22 -1 -1 -1 -1 -1 -1
132 21 21 21 -1 -1 -1 -1 -1 -1 -1 -1 -1
136 21 21 21 22 22 22 24 24 24 24 24 24
136 21 21 21 22 22 22 24 24 24 -1 -1 -1
136 21 21 21 22 22 22 -1 -1 -1 -1 -1 -1
136 21 21 21 -1 -1 -1 -1 -1 -1 -1 -1 -1
136 21 21 21 22 22 22 24 24 24 24 24 24
136 21 21 21 22 22 22 24 24 24 -1 -1 -1
136 21 21 21 22 22 22 -1 -1 -1 -1 -1 -1
136 21 21 21 -1 -1 -1 -1 -1 -1 -1 -1 -1
140 21 21 21 22 22 22 24 24 24 24 24 24
140 21 21 21 22 22 22 24 24 24 -1 -1 -1
140 21 21 21 22 22 22 -1 -1 -1 -1 -1 -1
140 21 21 21 -1 -1 -1 -1 -1 -1 -1 -1 -1
140 21 21 21 22 22 22 24 24 24 24 24 24
140 21 21 21 22 22 22 24 24 24 -1 -1 -1
140 21 21 21 22 22 22 -1 -1 -1 -1 -1 -1
140 21 21 21 -1 -1 -1 -1 -1 -1 -1 -1 -1
144 21 21 21 22 22 22 24 24 24 24 24 24
144 21 21 21 22 22 22 24 24 24 -1 -1 -1
144 21 21 21 22 22 22 -1 -1 -1 -1 -1 -1
144 21 21 21 -1 -1 -1 -1 -1 -1 -1 -1 -1
144 21 21 21 22 22 22 24 24 24 24 24 24
144 21 21 21 22 22 22 24 24 24 -1 -1 -1
144 21 21 21 22 22 22 -1 -1 -1 -1 -1 -1
144 21 21 21 -1 -1 -1 -1 -1 -1 -1 -1 -1
*band 4 dl
149 17 17 17 19 19 19 20 20 20 23 23 23
149 17 17 17 19 19 19 20 20 20 -1 -1 -1
149 17 17 17 19 19 19 -1 -1 -1 -1 -1 -1
149 17 17 17 -1 -1 -1 -1 -1 -1 -1 -1 -1
149 17 17 17 19 19 19 20 20 20 23 23 23
149 17 17 17 19 19 19 20 20 20 -1 -1 -1
149 17 17 17 19 19 19 -1 -1 -1 -1 -1 -1
149 17 17 17 -1 -1 -1 -1 -1 -1 -1 -1 -1
153 17 17 17 19 19 19 20 20 20 23 23 23
153 17 17 17 19 19 19 20 20 20 -1 -1 -1
153 17 17 17 19 19 19 -1 -1 -1 -1 -1 -1
153 17 17 17 -1 -1 -1 -1 -1 -1 -1 -1 -1
153 17 17 17 19 19 19 20 20 20 23 23 23
153 17 17 17 19 19 19 20 20 20 -1 -1 -1
153 17 17 17 19 19 19 -1 -1 -1 -1 -1 -1
153 17 17 17 -1 -1 -1 -1 -1 -1 -1 -1 -1
157 17 17 17 19 19 19 20 20 20 23 23 23
157 17 17 17 19 19 19 20 20 20 -1 -1 -1
157 17 17 17 19 19 19 -1 -1 -1 -1 -1 -1
157 17 17 17 -1 -1 -1 -1 -1 -1 -1 -1 -1
157 17 17 17 19 19 19 20 20 20 23 23 23
157 17 17 17 19 19 19 20 20 20 -1 -1 -1
157 17 17 17 19 19 19 -1 -1 -1 -1 -1 -1
157 17 17 17 -1 -1 -1 -1 -1 -1 -1 -1 -1
161 17 17 17 19 19 19 20 20 20 23 23 23
161 17 17 17 19 19 19 20 20 20 -1 -1 -1
161 17 17 17 19 19 19 -1 -1 -1 -1 -1 -1
161 17 17 17 -1 -1 -1 -1 -1 -1 -1 -1 -1
161 17 17 17 19 19 19 20 20 20 23 23 23
161 17 17 17 19 19 19 20 20 20 -1 -1 -1
161 17 17 17 19 19 19 -1 -1 -1 -1 -1 -1
161 17 17 17 -1 -1 -1 -1 -1 -1 -1 -1 -1
165 -1 -1 17 -1 -1 19 -1 -1 20 -1 -1 23
165 -1 -1 17 -1 -1 19 -1 -1 20 -1 -1 -1
165 -1 -1 17 -1 -1 19 -1 -1 -1 -1 -1 -1
165 -1 -1 17 -1 -1 -1 -1 -1 -1 -1 -1 -1
165 -1 -1 17 -1 -1 19 -1 -1 20 -1 -1 23
165 -1 -1 17 -1 -1 19 -1 -1 20 -1 -1 -1
165 -1 -1 17 -1 -1 19 -1 -1 -1 -1 -1 -1
165 -1 -1 17 -1 -1 -1 -1 -1 -1 -1 -1 -1

